234
18
114
117
4
218
148
85
114
129
177
194
62
20
106
149
96
8
188
47
182
193
96
158
56
9
166
57
25
11
120
113
115
2
110
102
59
8
87
121
250
197
115
123
98
67
39
24
181
105
74
87
110
37
48
140
30
67
104
110
211
126
69
26
125
230
120
109
61
128
196
16
32
119
12
73
3
15
159
41
142
157
115
132
86
192
95
110
131
77
100
77
61
125
96
182
121
91
195
75
71
74
26
35
96
61
3
32
143
124
62
180
38
157
2
44
4
53
17
53
118
199
117
138
4
154
117
84
28
91
120
9
0
78
39
229
74
78
193
88
255
29
12
129
41
130
117
2
7
65
231
107
25
2
131
167
188
3
53
21
66
145
70
141
17
188
159
119
91
12
109
53
105
60
72
191
112
81
72
68
156
109
111
182
71
212
136
113
130
98
160
167
57
148
16
54
172
72
7
85
2
75
131
48
94
125
11
82
48
125
10
147
92
51
36
249
114
90
112
17
35
182
39
24
100
166
171
101
173
105
188
44
14
168
87
140
184
49
8
88
87
171
30
96
62
35
40
128
165
40
23
101
23
86
15
50
157
89
67
108
42
105
94
144
4
215
6
42
124
11
9
82
105
64
72
124
11
9
79
100
70
130
78
119
105
40
144
75
99
48
161
136
25
121
67
188
42
3
74
75
12
132
99
55
132
237
126
72
190
55
147
113
24
59
23
201
57
37
31
14
87
64
77
188
92
108
148
52
108
50
216
122
92
177
98
170
189
85
99
1
238
147
97
14
9
111
4
17
72
26
99
23
60
110
6
226
37
86
41
77
168
182
101
103
31
169
93
101
190
36
21
19
108
2
67
102
71
23
9
57
189
53
124
40
47
70
113
19
35
27
127
193
122
134
84
212
0
43
57
81
149
173
63
30
28
51
54
122
76
27
205
95
93
88
20
217
24
66
22
132
190
159
1
14
101
97
75
31
192
61
53
6
28
190
91
3
111
39
155
131
54
79
100
108
7
162
74
1
88
20
185
151
106
195
56
102
25
129
24
54
176
56
55
9
45
226
114
0
110
47
156
182
26
26
46
168
33
128
86
67
25
170
65
65
82
18
121
104
89
57
108
120
61
118
57
245
35
17
193
79
109
50
37
177
111
91
120
117
11
117
207
96
54
42
71
63
16
118
107
75
222
70
108
29
71
237
11
87
91
4
75
76
93
32
93
137
144
113
148
92
23
156
46
131
40
148
99
109
90
69
102
32
45
89
46
67
100
28
15
9
33
2
37
158
71
178
110
31
27
92
209
130
13
29
94
37
91
97
26
77
206
169
26
120
19
197
60
95
96
46
201
162
67
17
79
116
177
129
96
42
10
95
82
31
116
104
173
109
199
73
203
61
98
156
60
45
49
75
93
67
18
42
89
37
7
218
54
54
119
11
104
128
45
169
5
136
157
102
11
67
239
152
98
107
22
249
79
47
162
76
116
7
19
29
123
244
83
99
48
99
84
77
48
199
14
207
139
51
13
85
63
14
128
54
112
158
132
50
65
36
45
65
73
25
4
77
53
33
101
0
249
115
9
176
101
100
178
5
87
106
104
147
103
180
96
199
0
48
6
19
123
0
51
102
1
193
170
50
15
89
245
75
124
104
111
250
69
98
82
21
78
129
129
32
59
67
162
0
177
50
234
111
97
20
77
35
99
105
31
65
74
195
120
191
81
210
3
51
178
35
146
5
50
174
108
152
94
21
154
99
140
188
30
137
101
126
90
30
141
95
244
61
91
141
26
12
46
89
87
11
195
3
34
120
10
214
12
37
148
10
99
116
112
142
76
131
124
84
174
66
243
19
87
144
81
4
25
28
20
6
153
174
112
83
59
156
169
107
56
25
216
25
28
86
0
199
27
57
140
111
64
3
21
152
9
183
111
119
153
65
10
189
39
5
62
106
185
89
12
109
108
54
70
160
43
97
94
58
52
67
222
28
47
41
25
170
31
13
159
46
66
10
127
21
59
30
7
33
83
10
161
79
97
126
94
197
56
98
114
16
191
0
91
115
24
62
51
81
33
82
26
66
95
148
59
140
0
53
103
36
82
0
38
33
4
130
120
81
46
49
207
32
15
163
126
92
73
101
56
5
73
119
96
41
93
216
178
59
71
37
253
123
33
30
126
120
114
113
193
77
141
86
50
47
13
57
113
76
105
29
127
46
108
63
10
115
8
0
44
77
245
110
1
152
108
124
0
13
30
9
249
136
55
53
20
36
80
24
17
63
98
16
28
116
39
127
169
17
118
71
29
8
45
50
93
228
105
65
49
104
134
1
107
159
74
45
2
52
146
26
214
141
52
136
55
218
17
0
70
41
199
198
45
58
74
86
3
87
120
90
55
2
55
129
15
64
172
127
186
62
67
4
51
2
85
252
90
123
163
117
89
137
48
26
43
159
75
80
104
104
223
9
51
57
132
160
66
10
168
32
244
74
32
119
9
99
44
77
103
121
178
52
53
107
70
233
53
40
98
132
236
109
1
130
80
207
88
23
77
67
112
41
5
111
44
52
131
56
18
99
173
44
3
150
127
153
179
15
10
75
143
22
127
147
47
220
116
55
118
71
22
90
119
114
42
32
133
38
127
16
119
22
105
65
67
247
41
92
58
49
90
194
123
38
85
76
6
23
4
19
141
2
96
161
11
27
184
48
105
122
194
30
131
1
74
210
111
119
170
5
147
147
103
141
98
55
6
54
127
1
111
38
37
192
36
44
48
15
25
70
140
93
6
43
92
4
4
75
73
55
40
191
110
68
56
155
5
45
12
4
240
72
3
16
98
204
194
49
192
58
187
69
15
107
24
42
22
33
100
70
142
179
63
126
46
57
136
72
141
75
246
14
25
2
19
196
1
55
144
1
55
108
107
95
9
170
158
5
127
81
68
107
72
91
96
219
51
62
113
34
238
76
117
181
1
231
18
46
152
105
177
86
32
21
88
237
102
108
26
21
179
0
118
41
47
93
197
111
149
33
92
6
61
126
95
117
13
47
86
13
220
17
58
3
88
171
36
99
97
114
27
161
82
83
38
177
174
118
154
55
65
76
75
77
114
105
66
70
148
57
106
121
9
23
52
193
108
8
67
23
124
12
119
165
103
127
4
0
22
40
228
8
53
21
5
179
44
125
61
14
193
48
55
144
115
92
130
71
90
97
53
72
40
177
105
60
142
118
51
15
228
47
113
29
5
221
99
22
152
111
193
59
24
110
23
110
60
68
190
19
10
19
96
33
78
127
118
24
28
124
157
91
97
34
30
222
119
7
10
22
93
18
58
30
61
92
193
13
9
77
73
197
128
119
97
115
51
30
171
55
113
69
56
47
1
178
27
25
141
122
249
83
85
197
122
242
23
30
132
3
247
3
55
5
25
84
4
98
149
11
8
68
58
131
85
96
111
12
5
102
223
159
117
84
117
177
174
106
48
3
93
13
53
158
2
225
78
23
174
48
243
69
69
64
80
114
142
103
110
52
228
54
111
1
70
98
23
34
58
55
171
123
6
171
29
185
6
105
173
26
89
29
30
60
102
188
19
37
178
54
192
184
105
151
92
38
27
32
28
69
153
8
56
6
23
99
175
23
48
73
231
32
14
9
94
146
70
74
196
50
155
139
89
195
24
82
195
23
132
80
107
9
22
9
12
251
43
97
106
34
210
139
125
147
42
172
85
44
2
127
119
168
89
142
61
209
55
118
157
17
2
161
73
98
98
84
85
129
178
7
58
43
17
61
124
102
51
26
157
9
164
145
128
172
45
234
133
68
116
83
196
168
65
59
74
145
33
32
8
5
99
21
36
170
2
164
19
41
64
118
108
49
37
179
126
166
181
28
85
23
77
172
91
111
96
124
164
101
144
128
63
56
34
98
75
202
134
115
155
67
203
24
38
90
120
100
162
8
28
42
4
131
8
53
19
81
115
1
78
115
96
31
107
180
3
80
149
10
54
87
80
95
15
47
38
124
194
3
68
109
193
57
28
35
12
79
2
0
198
29
255
151
30
81
1
54
95
31
37
21
162
101
44
13
88
128
1
61
23
31
81
118
32
50
17
130
119
50
86
29
103
60
24
53
111
93
91
54
105
36
213
133
13
17
36
167
121
20
41
10
152
129
17
26
15
106
35
26
177
3
212
139
12
4
5
107
194
82
1
25
58
36
26
125
7
105
26
35
82
73
106
118
55
172
6
163
165
33
28
68
153
153
55
36
71
103
76
18
21
91
120
65
21
41
18
85
82
56
99
62
51
169
5
51
58
254
37
60
145
45
98
54
103
39
128
79
49
109
154
43
108
16
125
35
78
116
193
62
58
27
246
61
109
161
21
155
29
54
85
42
105
107
76
77
32
181
189
102
39
5
138
1
117
193
11
187
34
42
16
16
144
46
26
7
6
188
172
108
66
4
112
71
72
24
28
140
74
74
18
26
84
194
90
191
21
47
165
115
56
81
173
70
112
98
81
180
0
111
60
17
123
98
79
85
32
144
6
64
37
50
31
