(0.9220102159919222,0.11768472211035777)
(0.7546653945647654,0.0011337458363429576)
(0.6907283043459869,0.007894124515433516)
(0.9335315859332797,0.0)
(1.0,0.0)
(0.802595391168487,0.0)
(0.32261945101256906,0.06795846331020891)
(0.6036326665695994,0.1942536472748347)
(0.48353404742055267,0.08033544033788692)
(0.21632943344675828,0.0991276412832909)
(0.3049601640227258,0.1472366047479875)
(0.26229954705305336,0.0)
(1.0,0.0)
(0.28089575797930744,0.15589760395845453)
(0.43012167989540007,0.052694808146761765)
(0.592299827341584,0.0)
(0.6601278416166864,0.0)
(0.8955088295763264,0.0)
(0.891166670865652,0.14361161660806107)
(0.4426909371896708,0.0)
(1.0,0.00916714554252891)
(0.49552049996006586,0.01755975341314)
(0.1,0.00970356319024554)
(1.0,0.10639137843356881)
(0.6736218776271411,0.0)
(0.5952536665407313,0.013032390334313873)
(0.9400508216811665,0.04124135541365037)
(1.0,0.0988741239738864)
(0.30428817831549027,0.03194672210574133)
(0.6966333085079993,0.0)
(0.867744936764523,0.0)
(0.9501281494680652,0.09631537188163537)
(0.9016603169596312,0.0)
(0.37590582832057545,0.09320941787309203)
(0.5377775498797348,0.08455234792673698)
(0.7185506810623514,0.040637799356988455)
(0.2927356337928929,0.11555622884666442)
(0.4950482033836467,0.09430658271499817)
(0.19229984130211084,0.0)
(0.9025162742362207,0.0)
(0.25841399181771196,0.0)
(0.4974884640434193,0.14538035749324799)
(0.2324019532866265,0.08526390835271924)
(0.2856533873618076,0.029599785362327213)
(0.8838582420074756,0.0)
(0.49484795036452267,0.0)
(0.9805912559381254,0.0070168151144617275)
(1.0,0.14866187960330807)
(0.1,0.0)
(0.12537815462209773,0.10631629064075242)
(1.0,0.02842778037966387)
(0.9559326782707902,0.0)
(0.7612176410580511,0.0)
(0.4897263452071331,0.16109292328976638)
(0.7052741892862252,0.16690599234266082)
(0.9348042621783,0.004233533885444113)
(0.3198574803380475,0.03884925246490877)
(0.287201427411542,0.10149842726308736)
(1.0,0.08130073247126801)
(0.5939052526563314,0.02436099886817121)
(0.8922536440531649,0.0)
(0.3653564220489366,0.034120580468517056)
(0.9231412222510845,0.0)
(0.4464572136306364,0.0)
(0.6348224566355972,0.13667866854129077)
(0.6290788800452707,0.0)
(0.6404650550156923,0.0)
(0.9024632449719286,0.0604108955716451)
(0.4208208342535331,0.0)
(0.5415224017011238,0.0)
(0.1,0.0)
(0.910382435757548,0.09166861817734887)
(0.31246143224042344,0.10576273350305417)
(0.5558003847066879,0.0)
(1.0,0.09033778188142269)
(0.5506779277385982,0.04625450827052721)
(1.0,0.09213918188577577)
(0.8861075413317331,0.0861353460353206)
(0.7017181015297775,0.0)
(0.5237537569321907,0.0)
(0.1,0.0)
(0.2690144202928196,0.06663144674462561)
(0.26492195975240285,0.0)
(0.4710650103381272,0.0)
(0.7892365487219271,0.1896087429264609)
(0.33219003901737926,0.05279896831940464)
(0.4004293748433557,0.0)
(0.4780177245203987,0.017077701034627097)
(0.8864726876564948,0.0)
(0.8358952456243633,0.00880741253812639)
(0.5754581657132815,0.0)
(0.19144807428988775,0.07369736903915751)
(0.4573193660983783,0.0)
(0.38586011030552764,0.0)
(0.6481863691004747,0.0958023542460319)
(0.8793844823215413,0.0)
(1.0,0.1075675401984181)
(0.772208886820053,0.08465316092795766)
(0.7523760076167095,0.0)
(0.7160056672765116,0.0)
(0.1,0.0)
(0.7097600600407535,0.014138893501696774)
(1.0,0.009360081236059407)
(0.5027831322061548,0.0454473282683711)
(0.26044713601298713,0.0)
(0.1,0.0)
(0.4584138646688338,0.023415425047944236)
(0.5224261645618016,0.0)
(0.7844775513655745,0.0)
(0.9925670596612717,0.0)
(0.9124467373103329,0.22176568977990896)
(0.8489801683420565,0.0)
(0.5859272307199269,0.0)
(0.257364266926818,0.0)
(0.40682384035677294,0.0)
(0.6400532858826213,0.08847182079964194)
(0.4303186689550991,0.11982028545491541)
(0.42689939183414305,0.029948123028927548)
(0.17908713877005916,0.0025078849072867546)
(0.2268923548668081,0.012455170116519728)
(0.6066013492532576,0.0)
(0.1,0.06460211211634027)
(0.5791471374568239,0.09370731577863783)
(0.5429900436995414,0.035230057390635165)
(0.5453597539740748,0.00885728713055508)
(0.7735509693906324,0.0)
(0.40938969333666664,0.0)
(0.8005984385040753,0.0)
(0.6342426756143704,0.0)
(0.1,0.0)
(0.1123522878522792,0.0)
(0.6774452805850621,0.0)
(0.1,0.00795003927519338)
(0.7298874745607273,0.0)
(0.4975743872049994,0.05881572634986074)
(1.0,0.17520446955583702)
(0.25405260358714404,0.0)
(0.7352342087441288,0.1315903935991655)
(0.5095734850690081,0.01538395600492358)
(0.4190065232130183,0.0)
(0.4968257269194223,0.0)
(1.0,0.017925575153064637)
(0.39201557282524485,0.0)
(0.6392690762062558,0.0)
(0.6566321542655955,0.16703115235620913)
(0.5545096746456093,0.0)
(0.1,0.0656009781714198)
(0.9658112311690826,0.0)
(0.3200051512646873,0.11674684153107646)
(0.11211049446763478,0.030091367012774064)
(0.2805467922268966,0.0798199211414049)
(0.566866536433877,0.05331458890741472)
(0.6493840261738207,0.0)
(0.43776499634385035,0.0)
(0.1,0.0)
(0.41424221334663536,0.0)
(0.5739631720955466,0.0)
(0.32511079387319414,0.0)
(0.23991121914282443,0.015332894673406894)
(0.29472862955633977,0.15318237571226348)
(0.6828995989010914,0.033663235333896986)
(0.33349014885925005,0.0)
(0.9362739574137265,0.0)
(0.6329670418905942,0.13178858801969986)
(0.4080331339640455,0.07699729720617492)
(0.8866885122438235,0.027534332461692113)
(0.7726828604847916,0.0)
(0.843740875089509,0.12117903675812387)
(0.9051517193658323,0.0)
(0.7963872923547677,0.04429277596945343)
(0.6249177934310134,0.061508791748654174)
(0.2973513363012458,0.09661086401995668)
(0.5853212254892278,0.0)
(0.8540311209894118,0.1453848089444335)
(1.0,0.03477576483190925)
(0.32552593492943155,0.09862434017803394)
(0.4439105574669808,0.0)
(0.6445421543560136,0.0)
(0.23428692951376442,0.2160122621864638)
(0.5087429651935719,0.0)
(0.5868072626851567,0.10882166618202434)
(0.1,0.0)
(0.43573027146579885,0.0)
(1.0,0.10023139382312463)
(0.5772150269387948,0.1907110188926422)
(0.44296529499437665,0.06368851044247312)
(0.6045597036795656,0.0)
(0.7294015753934978,0.08129903469378574)
(0.4515393300316868,0.0)
(0.7779564164466292,0.13877114903087)
(1.0,0.0)
(0.4357178160201693,0.0)
(0.37116127904867463,0.014669679251348848)
(0.6501995309678708,0.0)
(1.0,0.07686213074913)
(0.6346803071179494,0.147054864171541)
(0.4743197928812568,0.0)
(0.7743959140723276,0.0)
(0.2938485042308088,0.0)
(0.8868210656457409,0.007777427484486595)
(0.1,0.002132029294309853)
(0.8260018411356584,0.0)
(0.1,0.04601382052866981)
(1.0,0.0)
(0.6695288310379867,0.010018484647353186)
(0.1,0.0)
(0.1610908959296998,0.0)
(0.37542966149520635,0.0)
(0.1,0.0)
(0.1,0.054782297122347404)
(1.0,0.015642185720694753)
(0.5019690631755171,0.0)
(0.5447975628706809,0.025646223697997524)
(0.7402701972936929,0.0)
(0.6044587349804418,0.0)
(0.26689642342553943,0.0)
(0.1,0.0)
(0.33854466610196876,0.03268891960646279)
(0.4185535777505799,0.0)
(1.0,0.16743259904704366)
(0.8351345329986124,0.13188789187553604)
(0.6297442285948225,0.0)
(0.14866645017591862,0.0)
(0.8457340683223149,0.0)
(0.5203396660391116,0.0755285775889743)
(0.16275903358731209,0.0)
(0.5969561583805064,0.09193552065239771)
(0.4690097980856534,0.17896373894452583)
(1.0,0.10087445935727556)
(0.5116019981992717,0.0)
(0.2834323180555215,0.14923386470266045)
(0.8705050058110813,0.0)
(0.8590951476217622,0.09666213813889621)
(0.6967811705808996,0.0)
(0.6017219156343584,0.0)
(0.8734189993756867,0.0)
(0.3648405917954003,0.0)
(0.26887184819744414,0.0)
(0.5265747660777859,0.0)
(0.6313978140396537,0.12640159198789683)
(0.3029581743029792,0.019851644684700895)
(0.5988695504992876,0.0)
(0.8159207777754982,0.11851214395088866)
(0.8838196169869568,0.0)
(0.18456825661651372,0.05249206270565581)
(1.0,0.022144247450811613)
(0.983603077128862,0.07747109894404886)
(0.6924836599471231,0.027010985661314157)
(0.49122874840822156,0.116392686267412)
(0.3621425880217614,0.0)
(0.5965413767554564,0.0)
(0.4791988000876822,0.0)
(0.19861576965131733,0.0)
(0.12622799697983497,0.048188684680347614)
(0.1,0.0)
(0.6228276066364408,0.02271405085127497)
(0.8947392398378725,0.11828457106664739)
(0.6551501809290856,0.0)
(0.6230397398656677,0.0)
(0.21495948707043774,0.15593305578770952)
(0.9085534278593776,0.0)
(0.6840010958498913,0.16195000174818167)
(0.1,0.0)
(0.5995757823816382,0.0)
(0.9119434279699244,0.0)
(0.889551320232186,0.14502904611990872)
(0.6266266565797207,0.031123668245810723)
(0.17178396416873076,0.0)
(0.6322300251804677,0.016529048886047833)
(0.5568040926004904,0.0)
(0.9629953911056478,0.10108371670695532)
(0.24117076481345096,0.0)
(0.1988053221095473,0.04512921233562951)
(0.54128349567341,0.027263958685512565)
(0.701163417179141,4.224628701289029E-4)
(0.1946429077319522,0.0)
(1.0,0.0)
(0.8071448526428089,0.0)
(0.9902509279370957,0.0)
(0.8092921431068206,0.0)
(0.6630749439235468,0.12986973818292138)
(0.10746969811357274,0.04863395695127548)
(0.36195723956504267,0.0)
(0.14472149431285844,0.0)
(0.7054442937477509,0.06872362698009703)
(0.22230159671301153,0.1349971620252062)
(0.9248039064870794,0.09093012184956333)
(0.858182061238717,0.13197037250911905)
(1.0,0.0)
(0.42730450011878574,0.0)
(0.4090392037506956,0.0)
(0.8220594354128667,0.0)
(0.1,0.0)
(0.26493008282726166,0.0)
(0.6104763564477952,0.0)
(0.7416387476635848,0.0)
(0.8487336844443848,0.0)
(0.4411290595156751,0.0)
(0.9220132424938698,0.0)
(0.1,0.0)
(0.8138029029938959,0.0)
(0.46619170996812864,0.11297226067596591)
(0.15981879843351834,0.0)
(0.4530160284550612,0.0)
(0.6785847192379677,0.0)
(0.7300315393719208,0.043804461357748764)
(0.5218420576944948,0.008342016401026315)
(0.6751760994595721,0.011816194676031925)
(0.5031901863609869,0.03177856567047545)
(1.0,0.0)
(0.29579246687439886,0.025083528265776218)
(0.24261899311989152,0.11147311393412199)
(0.7633414615683258,0.0)
(0.3914091994761988,0.0020052819661296674)
(0.42584101931702134,0.0)
(0.5430189598874805,0.013375876371110715)
(0.1,0.0)
(0.22719737264288276,0.0)
(0.22842554121845662,0.12596724433131043)
(0.2133306960961352,0.0)
(0.29095546097842345,0.03305994305222579)
(0.5331630948809118,0.0)
(0.5387428997355739,0.0)
(1.0,0.0)
(0.5441760319332509,0.0023739812156484785)
(0.5539944434191849,0.020125780531255567)
(1.0,0.0)
(1.0,0.052970329897582207)
(0.7715874916672072,0.10125361062684324)
(0.5767413737535864,0.0)
(1.0,0.0)
(0.4976775865346955,0.04173068226484029)
(0.5719135643962998,0.0)
(0.7153070454958871,0.0)
(0.1,0.0)
(0.31517274164551334,0.03284733860797404)
(0.4526980024778594,0.06327000759092984)
(0.7100479740350185,0.08091152671282324)
(0.8002559946707132,0.0)
(0.1,0.11183184187038707)
(0.8198821624200644,0.0)
(0.433196248861841,0.06029210615053256)
(0.45451200280102794,0.08524137981112849)
(0.47953816557314166,6.125913080628276E-4)
(1.0,0.2354678326588147)
(0.2894277727743083,0.07054858235876396)
(0.6594037711625145,0.0)
(0.7485188089708154,0.16973311793010873)
(0.748716369586663,0.03111700376570586)
(0.32651377497341827,0.010284004228077664)
(0.630688803120529,0.0)
(0.2633522776365318,0.0)
(0.2970254755454347,0.19612989593454475)
(0.8032722967214232,0.1909381613210271)
(0.6438772576420178,0.06452442937892106)
(0.3869810037638082,0.18821994575611406)
(0.30452013103925385,0.0)
(0.1,0.0)
(0.6024896294966329,0.0)
(0.46710574755495227,0.03961906627882374)
(0.5449215764076054,0.0)
(0.5138460521468303,0.05397304641052958)
(0.8543917309895745,0.0)
(0.6743971237854298,0.027085699331031374)
(0.7851709984541212,0.016106437699933356)
(0.1,0.0)
(0.1,0.21539213771059953)
(0.20157081705783755,0.0)
(0.12990665390787337,0.0)
(0.4911529577998389,0.0)
(0.4637081105108065,0.04628801509055408)
(0.38701286445335914,0.0)
(0.7784634351059091,0.0)
(0.7850061610209991,0.0)
(0.7967265227187186,0.1333595485589897)
(1.0,0.0)
(0.1871936290160893,0.0)
(0.5310749352828205,0.0)
(0.8659427893115248,0.018073859401021936)
(0.3456652057699467,0.0)
(0.28766952842930904,0.0)
(0.9572412216996615,0.07486193045510715)
(0.4576939961292186,0.16600808890271695)
(0.1,0.0)
(0.7887570380197786,0.0)
(0.9394275450181924,0.0)
(0.38608573508087884,0.09901132142793473)
(0.6978705711800979,0.0)
(0.2103779830109157,0.13509630697329184)
(0.15175043267162774,0.028206695629129665)
(0.5097352877688516,0.048840291616517206)
(0.3630690497083303,0.11557166211412413)
(0.3700026712452602,0.0)
(0.3699293899552163,0.0)
(0.38334404252991877,0.07237237256406717)
(0.40989508929437674,0.0)
(0.1,0.11575904641606896)
(0.539173578046459,0.0)
(0.38240314858239655,0.15936733895574162)
(0.6040301494243854,0.0)
(0.5676052842026683,0.03274750885074973)
(0.4279521509196097,0.06357431570059811)
(0.33248092475275953,0.15843200325555723)
(0.3631919671541791,0.0)
(0.6117472940525179,0.0)
(0.9572600193517774,0.0)
(0.31710550420419087,0.042247784041903005)
(0.6304855755865025,0.13189616310046912)
(0.838718453461269,0.0)
(0.3662493671149217,0.03295621786071844)
(0.4027280483345687,0.07251642189852368)
(0.9232927259860191,0.13689726260970034)
(0.1,0.008137520661838335)
(0.4944667049788649,0.0458753937224186)
(0.1,0.0)
(0.1,0.0)
(0.9083281051030879,0.04876478952220076)
(0.4842368130369249,0.01963547285923208)
(0.18697423441557906,0.018434934916535552)
(0.2231049379178731,0.0)
(0.5216319393032864,0.0)
(1.0,0.09909509498125668)
(0.1,0.0)
(0.49156236768816153,0.02909185422539309)
(1.0,0.0)
(0.6361479161196799,0.0482770162515101)
(0.4153214365616077,0.17238609249509826)
(0.8978010467168632,0.0)
(0.8508316023732797,0.04135145002344823)
(0.5039038198755152,0.10441545086052562)
(0.1,0.03594489276161942)
(0.1,0.0)
(0.7051978561752272,0.030224973365717268)
(0.7605991123556174,0.2178364536903873)
(0.9204058362225562,0.0)
(0.15545793042057526,0.04821365091392302)
(0.9908497159082033,0.0)
(0.288647263648492,0.0)
(0.3262301661109933,0.0)
(1.0,0.0)
(0.21415330320657636,0.0)
(0.8874434428366244,0.0)
(0.650082217393901,0.046054946576121115)
(0.6134702655280065,0.11028466679898262)
(0.6653417756647491,0.01277194082174572)
(0.2897032210298751,0.0)
(0.1,0.10918161319891523)
(0.5983505421855274,0.07073135622915076)
(0.9213836788339657,0.11977487379228896)
(0.6787012135731741,0.09125886981849082)
(0.7161994770616116,0.009085874861099482)
(0.5260252059478966,0.0)
(0.12144405427613872,0.0)
(0.31668088634441144,0.06777495821567361)
(0.9233287927184751,0.07264588418579125)
(0.1345198565359831,0.0)
(0.5167629305771313,0.0)
(0.23626384206484627,0.0)
(0.8981588108594154,0.2505342441468984)
(0.6264210143865385,0.09544447796958701)
(0.7231720466824342,0.0)
(0.15802947272275505,0.07545378479806844)
(0.7904180582814749,0.1103640994073482)
(0.5934188821721817,0.154513842140419)
(0.808514508243735,0.045990316573252664)
(0.2468774743453931,0.0)
(0.8403604864077634,0.0)
(0.10157713944811744,0.0)
(0.6359285573080115,0.07081318344850603)
(0.5052494478873805,0.12292166072762452)
(0.16670355313033172,0.0)
(0.5541412443633152,0.0)
(0.27375806778885814,0.0)
(0.2602037572376237,0.0)
(0.25069012616842795,0.0)
(0.6120546762415429,0.06808076771758088)
(0.1,0.0)
(0.3898348680883118,0.0)
(0.598370847520887,0.10917817136109598)
(0.7009633052042329,0.006703518850799971)
(0.5315468240419853,0.0)
(0.9906850311320275,0.0)
(0.5110774742163966,0.0)
(0.961363940527624,0.18573652479272196)
(1.0,0.014351570603346063)
(0.35998356504403295,0.0765852702737771)
(0.5459039447504153,0.0)
(0.8515127273439711,0.0)
(0.12186132345106404,0.0)
(1.0,0.21444063986771644)
(0.4376865127113024,0.0)
(0.6711619723805504,0.0)
(0.833407485757411,0.0)
(0.1,0.1323217872712012)
(0.8935962104907224,0.0)
(0.9068520353431114,0.16067786305308251)
(0.38769155336596145,0.07863058935986227)
(0.9070428108092443,0.0)
(0.4805130760037921,0.02483022534228472)
(0.6507384483670584,0.0)
(0.440478137283007,0.0)
(0.8473105393146035,0.10922192679543424)
(0.5874560313616581,0.0)
(0.20039119518086354,0.13868436662613884)
(0.979340939773729,0.0)
(0.9544968541594452,0.0)
(0.7639987393198282,0.17857189173767285)
(0.1,0.08481132456683838)
(0.8570643339033744,0.006552052868174148)
(0.7328442902946738,0.004485435754733087)
(0.16831999826477206,0.05301597590469165)
(0.7300886672521918,0.0)
(0.32345408890076466,0.004788183320528329)
(0.6393118842503701,0.0021940522694620106)
(0.3842405843609974,0.015755401139091)
(0.7651642530923671,0.11348321428443134)
(0.5853417568912423,0.019116297408629634)
(0.6821377093185198,0.162295441006618)
(1.0,0.0752027459191529)
(0.15070345720863998,0.0)
(0.6465187009250135,0.021030533425896607)
(1.0,0.06290366874672917)
(0.23126503248649719,0.023087025462940173)
(0.655707711284387,0.14978427101454914)
(0.8245251919357501,0.0)
(0.38152617009584433,0.0)
(0.1,0.001130604786393716)
(0.6723338397067831,0.0071269015605165565)
(0.4976578490604018,0.0402133657908848)
(0.7788370523671473,0.0)
(0.38621047872988806,0.0)
(0.1,0.006317346748403899)
(0.7900490972865241,0.015520194077976602)
(0.769573585209538,0.0)
(0.8859878430910307,0.0)
(0.3104641187509374,0.0026065081725560025)
(0.35040809226877984,0.0)
(0.21730231098617744,0.0)
(0.5705297289350751,0.0)
(0.4743344071729777,0.0)
(0.9278927645329033,0.0)
(0.7390135558136071,0.09182150963210003)
(0.8662166762950594,0.0)
(0.6878364427475875,0.0)
(0.45214460902916054,0.0)
(0.6452130914578081,0.0)
(1.0,0.07836990656421954)
(0.5619362885332572,0.0)
(0.7360279936715135,0.05625946299032354)
(0.1,0.0)
(0.8033832312420448,0.0)
(0.9181949124699397,0.0)
(0.553636190157699,0.15256050336804744)
(0.7839672911682524,0.06732131046008541)
(0.5127313801846988,0.0)
(0.8579206274193192,0.0)
(0.598145723372854,0.0)
(1.0,0.0)
(0.7982384736234227,0.05851118695151386)
(0.25037485422803063,0.0)
(0.7708034280374092,0.0)
(0.33323431119203756,0.0036122269988146903)
(0.34027775134966387,0.08681033665921123)
(0.4494502941585806,0.024289151085373627)
(0.5178625345112539,0.09678714753251069)
(0.904109224174146,0.0)
(0.6182106635187659,0.0)
(0.19979897317532253,0.0)
(0.7509571633096106,0.05465479789476113)
(0.14813878602117778,0.0)
(0.1,0.06163672552569036)
(0.995257561189942,0.05711921782784686)
(0.8291426510412484,0.14201931711011992)
(0.269928728309483,0.045800944657829995)
(0.1,0.0)
(0.1,0.013228218331134696)
(0.35663523082013204,0.0)
(0.3573893873485743,0.0)
(0.35808762132247124,0.0)
(1.0,0.0)
(0.15567253710835546,0.03091840568940468)
(0.39873994261895956,0.023085110179188753)
(0.8027125438055969,0.0838972833968149)
(0.49722769921951027,0.21535883285016824)
(0.5567105519218947,0.16381420014785159)
(0.2727606777298024,0.0)
(0.12312948011392899,0.0)
(0.5734664750504023,0.05442653304375537)
(0.21742175785324264,0.0)
(0.16339023526383634,0.0)
(0.6142562912032113,0.10526753250380035)
(0.6947854559985571,0.0)
(0.9423007434007624,0.0)
(0.8079791178026465,0.0)
(0.21991358651415494,0.008582419789179951)
(0.46178361414084645,0.04875907445219291)
(1.0,0.0)
(0.831149215441236,0.0)
(0.6904973599347053,0.0)
(0.22523197269988998,0.0)
(0.8960839673247829,0.017076746447410404)
(0.15184271825581422,0.0)
(0.2743702168891167,0.0)
(0.3424224603359173,0.0307661543245463)
(0.9181705356281847,0.019316885696081865)
(0.9978237716074934,0.17917869007138199)
(0.4869117619519344,0.10507512242631618)
(0.1,0.040798599727236005)
(0.8250334043962334,0.0)
(0.8160858270197988,0.0)
(0.3629125773633927,0.0)
(0.2897875298408397,0.0)
(0.5910811614923839,0.0)
(0.2752769216968036,0.0)
(0.8481163961785055,0.044859812435355396)
(1.0,0.0)
(0.28369437637060724,0.08755529669377397)
(0.7583071953355539,0.3029306336692994)
(1.0,0.026532939235795173)
(0.5282376369403644,0.008018351326039334)
(0.1,0.0)
(0.7760605690364736,0.0)
(0.894809496100047,0.0)
(0.7009196565955953,0.08777569866895613)
(0.1,0.16740327687373213)
(0.5953110755045964,0.06928229743037717)
(0.21708305957344712,0.0)
(0.1,0.0)
(0.8616448375740691,0.153346636589219)
(0.7088868518504975,0.0)
(0.1145829298071809,0.11774463609863753)
(0.16838798060545893,0.0)
(0.5964383267900519,0.0)
(0.4028681164517625,0.10977823493428727)
(0.5893703587361434,0.0)
(0.2975712063060017,0.11342131151345794)
(0.19048261916784745,0.0)
(0.9603782493538352,0.0)
(0.5167969884648114,0.0)
(0.47706659960040615,0.061388259787420664)
(0.41113382935758763,0.0)
(0.1,0.040233570555236714)
(0.1985287126808064,0.07127940614819568)
(0.39070452868236594,0.03253331528075956)
(1.0,0.16257433357470039)
(0.1530906576198847,0.12369785626842396)
(0.7192543518787828,0.0)
(0.8485298417339077,0.012067945314330558)
(0.1437816550360596,0.1213174284261907)
(0.6211811379223419,7.427136826516825E-5)
(0.1097002698944244,0.0)
(0.33816611196778934,0.0)
(0.5932373739662564,0.0)
(0.8197909957138098,0.09814971580661974)
(0.1,0.08973683356428681)
(0.82666040536471,0.10366463464343052)
(1.0,0.0)
(0.8669974607777725,0.0721710169981643)
(1.0,0.022906468187974868)
(0.5471554045177935,0.0)
(0.6004105303422759,0.0)
(0.5516092522640375,0.0)
(0.5664346766710637,0.0)
(0.23399321061155387,0.21719252179512316)
(0.5070584261663005,0.0)
(0.1,0.014877705282330867)
(0.608692067458153,0.0)
(0.5868418795436499,6.918342734965748E-4)
(0.47892898697001124,0.15392537439990836)
(0.8998623211294828,0.19079576888579572)
(0.994449155592025,0.03297332923452905)
(0.5209507235121695,0.0)
(0.8358743564569023,0.0)
(0.21455655517578678,0.0)
(0.5319113695346879,0.12570601461304032)
(0.14167581604193194,0.01796370922320841)
(0.12947380657206228,0.12416177913913462)
(0.19644888911232355,0.037443139803169066)
(0.7996681571175877,0.0)
(0.4901936433089042,0.042989967970377574)
(0.47291146823519264,0.0)
(0.32244654701348274,0.0)
(0.41507102439048743,0.0)
(0.6712226321763919,0.0)
(0.8559599725772867,0.0)
(0.6899102150673229,0.0)
(0.4824310809894509,0.0)
(0.6595488008586684,0.034162744468133596)
(0.1,0.0)
(0.4339669872421816,0.012345857028276319)
(0.3868652082911549,0.09727248247799507)
(0.2101320589927025,0.0889761376471956)
(0.9036683618753728,0.04268884351531659)
(0.8346857212092733,0.01534048822624726)
(1.0,0.10093864268844062)
(0.42591394724884696,0.1412563698150239)
(0.1,0.009199828237523142)
(0.2324334796877714,0.0)
(0.11082906189497249,0.024813146721714845)
(0.9773575744624099,0.10302640630426746)
(0.40939834008469667,0.011328936793101515)
(0.1,0.057717067458268656)
(0.298205207322166,0.09453219157830288)
(0.7120731540202296,0.02374378906146408)
(0.6884509756169592,0.21523845026140315)
(0.26242981991948966,0.0)
(0.3252490091498096,0.010972638615214648)
(0.4521586470139644,0.0)
(0.291134366759185,0.0)
(0.20924872783493867,0.056400634029970365)
(0.9029881362178174,0.0)
(0.27985419307466997,0.03200317560600113)
(0.2587520858658799,0.07074853767878604)
(0.17779714367615468,0.0)
(0.1,0.0)
(0.1,0.04633482816574506)
(0.24807934473944276,0.0)
(0.5888569736043893,0.0)
(0.7394225036389174,0.0)
(0.6734805487003708,0.0)
(0.7810379616444081,0.07981771865056764)
(1.0,0.1894841269461994)
(1.0,0.06199782802336332)
(0.5835193553653624,0.053409009592345805)
(0.4149254395437877,0.09724569443204256)
(0.1,0.061389328222573605)
(0.49522170516654274,0.0)
(0.4650835236185997,0.0)
(0.8957776794477376,0.0)
(1.0,0.0)
(0.7557755609202578,0.0)
(0.1,0.0)
(0.7467595183369218,0.0)
(0.7900874440688868,0.0)
(1.0,0.04562195791055789)
(0.32449258482814064,0.0)
(0.47970301520205855,0.0)
(0.20913983682123247,0.0)
(1.0,0.14203315400448863)
(0.9335108622838366,0.0)
(0.10592708593758196,0.08094796545737021)
(0.9959385794282702,0.0)
(0.1,0.0)
(0.5369007530604653,0.0)
(0.7633927162817782,0.0)
(0.3506054957923038,0.0211256131585279)
(1.0,0.2722680878349141)
(0.264613357043989,0.0)
(1.0,0.0)
(0.4677035593815295,0.0)
(0.1,0.0)
(1.0,0.0)
(0.8037868044700869,0.0)
(0.1,0.14335662226926768)
(0.34413719589149483,0.22935247324265548)
(0.857242265240391,0.02967484369363953)
(0.4974742157807491,0.08018144322614944)
(0.18104442298930865,0.0)
(0.49784012460225513,0.0)
(0.8253953383505597,0.01035623183727615)
(0.3624039463328822,0.1675854446553295)
(0.36127805609080177,0.022125735478128274)
(1.0,0.0)
(0.7436833423295028,0.0504374576921266)
(0.5176744670577053,0.0)
(0.6562002407632143,0.0)
(1.0,0.0562378702187509)
(0.8389744639960339,0.0)
(0.7356319486122384,0.0)
(0.8362163136563959,0.0)
(0.44718097219696956,0.0958647074496872)
(0.18820526175672425,0.0)
(0.6279247790157356,0.254375683168885)
(0.8229457057778823,0.026707883967707038)
(0.8289169679040977,0.0)
(0.5838140660957158,0.13958745483975227)
(0.4837603909522792,0.0032335791798656006)
(0.47834035275476,0.0)
(0.7374009548343842,0.1709320233498983)
(1.0,0.1788237737884903)
(0.7397880882156455,0.0)
(0.17678602383640984,0.007450838913041925)
(1.0,0.2722714063322433)
(0.5427054715490592,0.20254640516044745)
(0.1893580160294669,0.0)
(0.3763638567818598,0.0)
(0.8246566526977971,0.05260109946887839)
(1.0,0.08332940693776422)
(0.690760569591803,0.1016451406104842)
(1.0,0.0)
(0.7540173717963592,0.020831887512638356)
(0.3462858771776865,0.03534227421175861)
(0.7687791348983801,0.0)
(1.0,0.0)
(0.6926446889198112,0.001729182227169638)
(0.44852863396450426,0.021031080917442605)
(0.5428694440981426,0.11284432224746527)
(0.6426008117311558,0.0)
(0.15324766102314794,0.1146610331087668)
(0.945538115257833,0.0)
(0.8027242158486005,0.13939747847716633)
(1.0,0.031159343194444702)
(0.5152254175433111,0.0)
(0.8765484833887327,0.056017092190540074)
(0.2719047463347038,0.0)
(0.2902052129359594,0.0)
(0.40920666572515485,0.0)
(0.34303695649491245,0.0756751829346408)
(1.0,0.10761543771298798)
(0.19471329957808395,0.0)
(1.0,0.0)
(0.16125522466709452,0.09453206847122922)
(0.1776196167154159,0.0)
(0.9014225563672651,0.0)
(0.9734363332078806,0.16950934343938373)
(0.7171937679934082,0.0)
(0.5997420067956073,0.0)
(0.4320579069883554,0.12657130712588657)
(0.8509862292983773,0.054726535735966086)
(0.1,0.0)
(0.7679559454046625,0.024878180071022566)
(0.9737383415881429,0.06630762169470832)
(0.919798548155831,0.036869594606332094)
(0.15512976459521777,0.04488142640797227)
(0.37356093115354905,0.14582518577691203)
(0.411914962078829,0.0)
(0.5120162082625528,0.0)
(0.1,0.0)
(0.1,0.0)
(0.9997324418260497,0.13351474400576163)
(0.9179048391451439,0.0661190284662512)
(0.43126809245424,0.07009735310915208)
(0.6656110102261219,0.17413313342598147)
(0.959381316706972,0.10814617713256369)
(0.7876302517329935,0.19304124098986405)
(0.5672459615654935,0.09556681663174629)
(0.36245298609337556,0.13590775884849812)
(0.5496649094787605,0.15547837245279963)
(0.6899484217806111,0.0)
(0.5186381319394774,0.04507379614027129)
(0.1936931089167972,0.0)
(0.5221795096460016,0.10795227567597748)
(0.1250907962785793,0.0)
(0.11137605538585975,0.0)
(0.25452633087064636,0.14357863806649904)
(0.7829118470952012,0.0)
(0.3721423611890327,0.0)
(0.6935124277829561,0.0)
(0.1,0.0)
(0.6540385377578004,0.0)
(0.19122897197749755,0.0)
(0.6792050798892814,0.0)
(0.6323789537271745,0.05133768765624385)
(0.902574937518903,0.0)
(0.1,0.1417965084194586)
(0.6835729894775455,0.0017176981021339499)
(0.6744039485069139,0.027570475283977658)
(0.6158862685326529,0.05114393776081612)
(0.830333563630326,0.0)
(0.8139862210279375,0.01236757799711832)
(0.3321880327022203,0.017060650298986058)
(0.7410409816447782,0.0)
(0.2646090942340482,0.0)
(0.1,0.0)
(0.5801936369746159,0.0)
(0.4796638291210277,0.0)
(0.5908182052809821,0.269671258730449)
(0.610556570286992,0.028542145392739984)
(0.48491300851197844,0.0)
(0.23755924792224592,0.0)
(0.5541981830280331,0.0)
(0.7930977725317349,0.21899572686032454)
(0.6911687492055032,0.0)
(0.1,0.06823263527355629)
(0.7579192960801548,0.0)
(0.9098096798878713,0.07201965886096427)
(0.41141157239484416,0.25065956579904347)
(1.0,0.013689461928560237)
(0.4493051187144488,0.0)
(0.10463822732010147,0.009092797723183962)
(0.425719490224923,0.0)
(1.0,0.0065343811041188365)
(0.7495111133461089,0.0)
(0.7125869632786201,0.0)
(0.49029605704585855,0.0)
(0.33534260020613427,0.0)
(0.7636567473839249,0.03504510200825267)
(1.0,0.0)
(0.3627206931486404,0.09302565480249103)
(0.5412137401109749,0.0)
(1.0,0.0)
(0.1,0.16417279794630635)
(0.6778464043844232,0.0)
(0.48876992958227056,0.0)
(0.8155733860279178,0.0)
(0.7955618215182788,0.0)
(0.7855729687034102,0.18192845360036192)
(0.5726736414790381,0.0)
(0.31293770705755974,0.0)
(0.777394191403167,0.05381150436492915)
(0.1,0.05906323411368019)
(0.25514652338131205,0.0)
(0.1,0.13623222058268655)
(0.8357420358219907,0.0)
(0.877288635307523,0.026345695396098434)
(0.2907393367050262,0.010011854798055716)
(0.6302818769849662,4.23985999735831E-4)
(0.40112199287134365,0.06406813408333106)
(0.9208100678274928,0.0)
(0.5869833818553841,0.0)
(0.5519514281915912,0.0756400227034701)
(0.49714269429730223,0.24090115715571014)
(0.1,0.038101484302050494)
(0.24006127771614572,0.032900393813127406)
(0.8212501744793108,0.0)
(0.6755343820704888,0.14349574731723774)
(0.7392528384170366,0.0)
(0.9790693188487473,0.11462252193369869)
(0.9286083337589642,0.09195268267739012)
(0.5854434842267191,0.1018680989046496)
(1.0,0.0)
(0.19064738253960994,0.0010385415410321013)
(0.3312836833134357,0.0)
(0.9123026396720756,0.0)
(0.8190208720096196,0.11033483700869276)
(0.5205490493612388,0.0)
(0.8633223555451448,0.0926410340965324)
(0.6828909163640082,0.10358509706805137)
(0.7160377286548745,0.0)
(0.6591568608592246,0.0)
(0.38884911866450494,0.0)
(0.8967656612529025,0.08546257381683729)
(0.17954718749638243,0.0481741605869025)
(0.1,0.11411090358701309)
(1.0,0.0)
(0.5117230718025629,0.0)
(0.8948473581617874,0.051940855237452635)
(1.0,0.11652554643436985)
(1.0,0.0)
(0.7863984295336445,0.192592064851874)
(0.5809350062964135,0.0)
(0.4297244216333754,0.0)
(0.5827867496166181,0.023543095362503413)
(0.45199889578310504,0.05896260897598324)
(0.6353085818392892,0.03496538096976909)
(0.1453334257654014,0.059143088514021946)
(0.2904183502302129,0.19264642906757906)
(0.6818740442365285,0.0)
(0.36851139618166023,0.0)
(0.6210127958763165,0.0)
(0.39733690515543324,0.0)
(0.8819102600497094,0.0)
(0.15379033898675415,0.0)
(0.6784664540019508,0.027696789410741374)
(0.8026980587190999,0.07950757228106775)
(0.6474028516338591,0.0)
(0.8161691543224207,0.0)
(1.0,0.20045610164097544)
(0.7256309185962615,0.0)
(0.6917336700510892,0.13582100455891175)
(0.4263880768573914,0.009622389214845033)
(0.29725113085903676,0.07862873406544973)
(1.0,0.08336642421455553)
(0.6785584623231645,0.0)
(0.39767095526878393,0.022018290410014154)
(0.1,0.0)
(0.7855782203587879,0.0)
(0.4604606349393675,0.0)
(0.9458455241310694,0.00832321166630405)
(1.0,0.0)
(0.5640228172857246,0.0)
(0.56979961595084,0.0916924778748408)
(0.6563304101179094,0.0875617306884711)
(0.19223162488793727,0.03411157762625482)
(0.5752964241549912,0.0)
(0.8400231635183759,0.0569742894564651)
(0.2740485230413156,0.0)
(0.7481345366132562,0.1677619865381182)
(0.2137942623098386,0.03984810135963989)
(0.571286940391619,0.0)
(0.6012977467057232,0.0)
(0.1,0.0)
(0.22580597657672458,0.0)
(0.8955257189949835,0.039453844005759096)
(0.8907284726882446,0.05350599931312958)
(0.1,0.053264673543985244)
(0.40961204750748725,0.1956439249386617)
(0.1,0.0)
(0.25391386057795495,0.0)
(0.8378725559235219,0.0)
(0.24684326064637147,0.0)
(0.2946693412193298,0.0)
(0.4752013785360953,0.027612246054976752)
(0.8952383010943529,0.07501609302872474)
(0.8288733760440655,0.0)
(0.8152570522526775,0.0)
(0.22988452174666396,0.032056090509979936)
(0.5467702127909474,0.0)
(0.659473967160295,0.05573534903757976)
(0.21032983828559118,0.07827119418948586)
(0.1277659365206648,0.26682898465830346)
(0.4878293113897667,0.08136030084372084)
(0.1876223210862765,0.04837077898668035)
(0.665379966955729,0.088870436441819)
(0.8922029476164938,0.0)
(0.8240681474312115,0.12796224184349894)
(0.7605817335944391,0.026669303802895727)
(0.4099626693408786,0.07003922831174396)
(0.34357148071075627,0.0)
(0.486088830030488,0.047457561103296464)
(0.39270552680445225,0.0)
(0.870348805583407,0.11624391968256707)
(0.8163254411596333,0.007749159328653616)
(0.9775834809963118,0.013964867159213162)
(0.2591328241551568,0.08024456187441423)
(0.45574383365725724,0.13941202914164094)
(0.420743047857411,0.0)
(0.7922564386077469,0.19536148834339478)
(0.368048698241698,0.0)
(0.5656009834007228,0.0)
(0.1,0.0)
(0.14909284418007945,0.0)
(0.6741468928715111,0.0)
(0.5412934768965094,0.0)
(0.8082178097492874,0.0)
(0.5856301389051096,0.0)
(0.8513872419431113,0.0)
(0.7880452679999141,0.0)
(0.24652763387138887,0.0)
(0.8029425689390858,0.0)
(0.47106065837793165,0.0)
(0.25877360995964865,0.16679104534844502)
(0.1,0.0)
(1.0,0.0)
(0.7807502420396129,0.0)
(0.4890296520382774,0.038052604939569246)
(0.7608655095077009,0.0)
(0.1,0.0)
(0.7961492286017333,0.035073060897080725)
(0.1,0.0)
(0.23786048626935402,0.0)
(0.5141190259143784,0.04095615960239654)
(0.6439585834322723,0.0)
(0.7914123667050873,0.02137986218793808)
(1.0,0.170341296477877)
(0.1,0.17647494806057734)
(0.6331768298021903,0.22246255981883867)
(0.28354278943474,0.0)
(0.2806903853267416,0.0)
(0.5768861917626941,0.056843960847542674)
(0.6117320521047392,0.07323475410609757)
(0.995070873460115,0.15677764760654567)
(0.9109314697866583,0.01118591496377767)
(0.1,0.0)
(0.7673751876896793,0.013980306855101985)
(0.1,0.0)
(0.3460483910552361,0.0)
(0.7024552634497405,0.021458640408394593)
(0.4917203252100135,0.0)
(0.41698234838070847,0.14614698145777072)
(0.48733766448174376,0.0)
(0.22809689278632952,0.05452011187302385)
(0.1,0.008883289828600644)
(0.6713769796976083,0.2265757892145458)
(0.1,0.0)
(0.9514840285451062,0.0)
(0.507747487539682,0.10783030951427844)
(0.6259941731292488,0.0)
(0.7111635650105836,0.12007199718602933)
(0.43742142435589115,0.0)
(0.9425365289860083,0.12873876876086962)
(0.5786926460935585,0.05128295128962808)
(0.7735175201415005,0.03196857033059932)
(0.8076802312087915,0.0)
(0.830662152038457,0.0)
(0.1,0.11765341571156787)
(0.5827911247624162,0.04358576532081934)
(0.4496807169958259,0.13494825694998194)
(0.47068005174767796,0.0)
(0.7172710169052421,0.1122121394368582)
(0.4185736769505643,0.20104942620610933)
(0.6213932454405768,0.0)
(0.8973321871329067,0.02665753778165878)
(0.2606581859909865,0.0)
(1.0,0.0)
(0.855214691851024,0.0)
(0.7228375465165547,0.0)
(0.7292837499187546,0.0)
(0.2116718135162946,0.0)
(0.8160666177914395,0.06291740490746404)
(0.35014213414198586,0.024028186977036552)
(0.5621310780030608,0.0)
(0.6321250926833567,0.11938957569709872)
(0.28145780282488425,0.018538140376414932)
(0.1419893605468286,0.08429123490271082)
(0.47148165146371057,0.18754923637801874)
(0.520024894318295,0.0)
(0.9412148304042149,0.1206040159557683)
(0.13673224257056088,0.07111563548121236)
(0.3919895285947709,0.0)
(0.14429780473644213,0.0837780361321208)
(0.31388235202877707,0.03216841847006776)
(0.1,0.0)
(0.25765012679602917,0.01833007807636818)
(0.1,0.011841638061739388)
(0.6979455684699019,0.0)
(0.6539287794275053,0.0)
(0.9111610823835727,0.04381096744323423)
(0.4368624288570914,0.016789282547743065)
(0.1,0.0)
(0.5728162585112619,0.07107449797915558)
(1.0,0.012467951886507574)
(0.3608276459847573,0.0)
(0.8122714052912737,0.0)
(0.18512780387457806,0.0)
(0.16803718511928628,0.0391355290508566)
(0.6433077244743446,0.020202498761445514)
(0.29487152377040976,0.0)
(0.43985037351178025,0.0)
(0.9192462653852408,0.1041396465718167)
(0.30002059762289907,0.0)
(0.7052195232213044,0.02880119940409195)
(0.8309565717944383,0.0)
(0.158633809931706,0.18222946450501232)
(0.6493003162254387,0.04355223860072102)
(0.9641828395112293,0.0)
(0.1,0.0411700606915498)
(0.5015146291325876,0.08433565690808911)
(0.1,0.01520787432064662)
(0.4231080771507481,0.0)
(0.1,0.1446679099212616)
(0.1,0.0)
(0.34876671112823915,0.0)
(0.8657033321814819,0.0)
(0.4910289346280408,0.0)
(0.5716843026985413,0.06574754720579339)
(0.20454519406211025,0.0)
(1.0,0.21096701555789205)
(0.5209601186137091,0.10876451107693)
(0.17959447442470547,0.0)
(0.6281845786791387,0.01229828447604079)
(0.8000313785379949,0.0)
(0.8563739933558446,0.1736523582542169)
(0.4894679273268262,0.0)
(0.13966677316702392,0.10662683250301319)
(0.31992524296219627,0.0)
(0.3259649870249716,0.051536676984578936)
(0.47142025740031374,0.046181749814935315)
(0.18955306169602043,0.0)
(0.7136045507282344,0.0)
(0.27058868324052765,0.12145312338178715)
(0.5068097575666282,0.1040223244004394)
(0.4962071643359334,0.0)
(1.0,0.023077736517353814)
(0.1,0.1275659069469245)
(0.850628288503589,0.11682576652766435)
(0.11904278324675058,0.06302216811758317)
(0.1,0.17342612001732846)
(0.8144360787863876,0.08238852598781654)
(0.5027671908474113,0.0)
(0.619502909938329,0.0)
(0.224579907152796,0.0899665352949363)
(0.9673239758456317,0.04107570102927954)
(0.8512778593178253,0.0)
(0.5395141491474021,0.0)
(0.5311578549042144,0.0)
(0.2656030961656144,0.0)
(0.7836648535115623,0.0)
(1.0,0.0)
(0.9612865326929176,0.00638635674668267)
(0.53377670314731,0.0)
(0.3929036450751525,0.0)
(0.38101840221164013,0.16964953929475668)
(0.3587267910812194,0.05559414031718385)
(0.37725146560247247,0.17770884487849634)
(0.1,0.0)
(0.16060814070555357,0.09919130849515996)
(0.307418541189874,0.0)
(0.1388015185100995,0.0)
(0.5120556624869737,0.0016909668107546105)
(0.2602145574204294,0.10391006370102132)
(0.8051487337730251,0.06574514745413548)
(0.6871465788945166,0.009130140414767653)
(0.34782082164211003,0.0)
(0.5270167554258877,0.0)
(0.5909221679050497,0.020580650229259784)
(0.7734167704835878,0.0)
(0.712811533715828,0.0)
(0.57249448376366,0.16539621976729058)
(0.41649902052741894,0.16727765434321284)
(1.0,0.08789514585481711)
(0.1,0.0)
(0.2579735689644914,0.08806022612690766)
(0.45435391354487487,0.0)
(0.9679432654366331,0.0)
(0.7146767210154521,0.18066780221651688)
(0.2521207989421003,0.04705299693430046)
(0.21424576412808033,0.016005652955207433)
(0.3893131983477588,0.0)
(0.3535721088850764,0.0)
(0.36932355637993,0.0)
(0.1,0.2592029905494022)
(0.5478489192729995,0.0)
(0.8193000932090189,0.0)
(0.4978912128224389,0.0)
(0.6192579186118904,0.0445780225622446)
(0.24730446722307417,0.0043731494252586545)
(0.7281327942511694,0.03858344035843614)
(1.0,0.0)
(1.0,0.0)
(0.7992301845367378,0.0)
(0.6241284424100866,0.0)
(0.4061714786393768,0.07492754566870384)
(0.9555440538858988,0.12247018078804597)
(0.13650198658317586,0.0)
(0.9128750588765964,0.0823325120120566)
(1.0,0.12838953026008257)
(0.5271895033598161,0.0)
(0.6033478495803715,0.07151309900160387)
(1.0,0.0)
(0.735176780435019,0.04668292145126056)
(0.3323757490350368,0.14844261207135717)
(0.1,0.0)
(0.6137506589475713,0.0)
(0.2416233539914932,0.011350727894102219)
(0.7987022742468848,0.1326081639552499)
(0.6394467316146759,0.04417636984932913)
(0.2676661966782625,0.0)
(0.9503558592458492,0.0)
(0.6555880995676822,0.0)
(0.31815371486705707,0.0022862934763125654)
(0.44446873661572994,0.010512685503875074)
(1.0,0.015270140354181056)
(1.0,0.10536376094199483)
(0.1,0.0)
(0.17071675491125904,0.034877479039577046)
(0.8420524524745523,0.0)
(0.6582884191269286,0.06863810433419636)
(0.7700566625621201,0.0)
(0.5785683558663725,0.13783982495319627)
(0.5651775110576093,0.030220946292250986)
(0.15586863337291973,0.0)
(0.44147804515530154,0.0028779690908590405)
(0.9994335632294568,0.13765710899881856)
(0.42180543227951495,0.06962268687844725)
(0.8508704711990503,0.0)
(0.5972064236173762,0.0)
(0.7521779416585599,0.030010032693635193)
(0.4825894458524149,0.007444016866698915)
(1.0,0.19679915833570935)
(0.6338246941918771,0.04652541850092253)
(0.931452813809921,0.02409038533153096)
(1.0,0.0)
(0.821700904081189,0.0)
(0.8311391728210046,0.0)
(0.829239078376167,0.0)
(0.1,0.007441116671831442)
(0.8181908054518927,0.0)
(0.4048340389444084,0.0)
(0.8423704408591846,0.028219935182942912)
(0.9377993199947235,0.0)
(0.8021581213008229,0.00496915808365157)
(0.39949644221259073,0.17682296494234978)
(0.5180254796596133,0.02546430711819176)
(0.7487231970487161,0.0)
(0.7269789416685227,0.08921643306702266)
(0.35533322420256597,0.0)
(0.35534159737383886,0.0)
(0.5347923136863021,0.0)
(0.8115464368032621,0.11955466596437717)
(0.4325915712460036,0.045691252403287363)
(0.25175342759266117,0.02351695997973209)
(0.248645263616172,0.022271040039640505)
(0.126424205882381,0.0)
(0.45863867961887844,0.0)
(0.6651455374782349,0.0)
(0.8169376757806709,0.0)
(0.7307560122570266,0.05323966001725392)
(0.5619595154291029,0.09903425803130156)
(0.8115801506847089,0.0)
(0.37443648112383077,0.022508749538214436)
(0.7295205413139053,0.12521696133182744)
(0.905776679805835,0.0)
(0.5373702529705818,0.10524491477606164)
(0.66639781963216,0.07740477978257979)
(1.0,0.042113480736217845)
(0.4967395017621354,0.0)
(0.40384141414118113,0.04217043061083355)
(0.7398207930697239,0.055313517159874516)
(0.5156319140408345,0.0)
(0.2771968983681103,0.02929099305935365)
(0.48921470629307834,0.0)
(0.40298278260194004,0.10436836202836419)
(1.0,0.0)
(0.925044829971134,0.0)
(0.8496607106762999,0.0)
(0.193817341172969,0.0788964191168248)
(0.5479310007637385,0.019632965463344847)
(0.7264704610031094,0.03207666680348184)
(0.822814750357395,0.019240640831517445)
(0.3445725567680456,0.1483977704457124)
(0.47286257454958064,0.0525426557464391)
(0.9488089760188249,0.12900830620241788)
(0.1,1.635324283281918E-4)
(0.9334089027994099,0.0)
(0.1928897951717607,0.12194647173343053)
(0.679931557381902,0.03983945999655642)
(0.5762033400868671,0.038940649884182395)
(0.4785302410404623,0.1475857468889322)
(0.1,0.0)
(1.0,0.0)
(0.6023265636105274,0.1361093950574681)
(1.0,0.0)
(0.8241178748828021,0.0)
(0.3886498654615814,0.14154634005200056)
(0.5557755847704559,0.10238680744941944)
(0.7534498794845236,0.0050137710113953605)
(0.8133100128137578,0.024663994555196397)
(0.5678257514181417,0.05025936379741647)
(0.5396031792834645,0.0)
(0.6893527248790504,0.08768239023452437)
(0.19496411082902887,0.0)
(0.8400791812320381,0.14665693100049634)
(0.4853488436274,0.12575221371056447)
(0.28438505175802953,0.0)
(1.0,0.039106133919129774)
(0.4604655400535562,0.016892331576901957)
(0.7960286921581557,0.0)
(1.0,0.0)
(0.9709195733470009,0.0)
(1.0,0.0)
(0.7189448575505224,0.10576413358904418)
(0.2959188390826372,0.04870094693689716)
(0.6501070218350631,0.1091064770258796)
(0.6749630351927094,0.0)
(0.7738781725740013,0.019598462984663015)
(0.38914624311753815,0.10467378121299216)
(0.3351874276288528,0.19890126451908313)
(0.19180183166510412,0.0)
(0.1,0.034904640742921274)
(0.4938238262063802,0.0)
(0.23042389754611298,0.0)
(0.5951443184147407,0.0)
(0.847611546228106,0.0)
(0.6660117412108932,0.0)
(1.0,0.0)
(0.8533021379353198,0.044210924307985955)
(0.574367206598849,0.0)
(0.1,0.0)
(0.5382225061014473,0.1421140814959427)
(1.0,0.0)
(0.7204241485049572,0.1203463004255324)
(0.6633055312135127,0.040594858763121994)
(0.8316617857885451,0.0)
(0.6695981706011653,0.0011362859818951146)
(0.3197586633681746,0.0)
(0.1,0.0)
(0.9108442647711803,0.0)
(0.4838730833794978,0.0)
(0.8658642786241062,0.0)
(0.38853884312788994,0.0)
(0.216830285485187,0.0)
(0.6515512357691446,0.09380694256351098)
(0.16808356135669286,0.0)
(0.5112297016954204,0.0)
(0.3183042377342627,0.0)
(1.0,0.09719334142732766)
(0.5419571950934422,0.0)
(0.1,0.0)
(0.6097727609390667,0.0)
(0.1,0.0)
(0.9096397778754328,0.02358444259802779)
(0.5608060371035917,0.17738959102793245)
(0.1,0.17356699083025368)
(0.9208940325974655,0.0)
(0.8404657922373211,0.0410205661114617)
(0.6038776319816032,0.0)
(0.7959229898894509,0.16104075697227338)
(0.47076652742440683,0.0)
(0.1,0.0)
(0.23622260086985436,0.08311085884436492)
(0.6077023579521679,0.013728071559213068)
(0.5781606466707785,0.021680819038213384)
(0.29677762190892126,0.0)
(1.0,0.02589535710979356)
(0.8038302197587255,0.0)
(0.5983259887341656,0.017975593198669728)
(0.8203406217313941,0.0)
(0.6078937253861858,0.06047195186966808)
(0.6199823110443302,0.0)
(0.1,0.13695978200565112)
(0.30251752798673864,0.004228217018088859)
(0.7141536170924693,0.03563201275544038)
(0.4626009403232473,0.012146862478408816)
(0.8881511825153986,0.0)
(0.1,0.12581661727801438)
(0.6550620270018139,0.004399876891443068)
(1.0,0.0)
(0.6843312282473616,0.10636192347984803)
(0.7138240656742059,0.0)
(1.0,0.0)
(0.4534894713619014,0.0)
(0.8054103920436021,0.0)
(1.0,0.0)
(0.388811136542641,0.10174052634338307)
(0.43752982947622265,0.12940775584030703)
(0.6808203565123769,0.25368888671076645)
(0.5880052340980123,0.17774721150730577)
(0.1580532245153726,0.0)
(1.0,0.0)
(0.2339261618160548,0.0)
(0.8308486131068733,0.0)
(0.4842148755637773,0.0)
(0.1,0.009432909783240052)
(0.3621510757407865,0.14577726295073443)
(0.16812919331397577,0.08395362304943521)
(0.84262699229883,0.09147818109615502)
(0.35023332155067016,0.007194447602782561)
(0.1,0.053435872747640334)
(0.7651918863685674,0.0)
(0.37376837086187087,0.0)
(0.33834930639585603,0.12818940833690054)
(0.2730893622818564,0.06326700955795535)
(0.7246180353103943,0.14680161647347234)
(0.1,0.02215828008504643)
(0.6470424949123019,0.0)
(0.1,0.0)
(0.4095372714523877,0.0)
(0.5328833347189693,0.013367696135322111)
(1.0,0.0)
(0.37518320443754627,0.0)
(0.4947320083813418,0.0)
(0.6186494531810085,0.24156689732088923)
(0.342278194456251,0.04901315807833045)
(0.6528289562700761,0.0296398213338271)
(0.2237221996546914,0.0)
(0.3643497391603813,0.0587205687074876)
(0.9714485214532348,0.0)
(0.41447648825756894,0.13291727586377272)
(0.8166196865573715,0.09490338587864887)
(0.5141332738059772,0.0)
(0.8297881989406475,0.12151017635542434)
(0.267355484807685,0.0)
(0.7961403546893298,0.0)
(0.46579224855126916,0.1475519920208955)
(1.0,0.05935613295775945)
(0.7388924103975879,0.0)
(0.3461083706758583,0.06784350676793692)
(0.9224380031378056,0.0)
(1.0,0.0)
(0.17967127600696756,0.0)
(0.7559275482365334,0.09662736800425094)
(0.5145136915575538,0.0)
(0.7068721338081603,0.015120897080504903)
(0.17310814068303973,0.07273548712194801)
(1.0,0.07049457584056687)
(1.0,0.0)
(1.0,0.13364565273104537)
(0.22498168002311777,0.08067030865862257)
(0.8075119005839605,0.0)
(0.7219365465241527,0.0)
(0.8591869698397554,0.20104988004753044)
(0.6245245200995069,0.0)
(0.1,0.0)
(1.0,0.09611818887582364)
(0.1,0.002858442238341272)
(0.5303678438531277,0.0)
(0.7545125767549942,0.1019011494510309)
(0.9014997569737175,0.11566532050954825)
(0.1,0.0)
(0.15337014210091934,0.0)
(0.7169589655998987,0.0)
(0.3499881855992189,0.0)
(0.7429460342760796,0.084484104794165)
(0.8751142770167762,0.008288259319611508)
(0.7859516655146511,0.06642800515325499)
(0.7416441193098706,0.0)
(0.8309479194419244,0.07236894951269839)
(0.7148083338816861,0.0)
(0.6638876549867554,0.1125882453100642)
(0.8715997564985439,0.04522906808522232)
(0.5836119464615699,0.028100218636907672)
(0.17086082272536016,0.0)
(0.8501136826921916,0.09315929750620879)
(0.5615161798467208,0.0)
(0.2955343758823732,0.0)
(0.857364831153704,0.19803234898228425)
(0.45572440434912337,0.0)
(0.303112555040543,0.04390806241643359)
(0.5553666654872933,0.003263397106017935)
(0.10547423605636191,0.0)
(0.40044541089616387,0.0)
(0.9065337877496598,0.0)
(0.1,0.0)
(0.42821139146364307,0.0)
(0.557172856597522,0.0)
(0.29614509417441887,0.23002694780314914)
(1.0,0.0)
(0.10728961144664954,0.1247881524216542)
(0.6043820735529599,0.2003806772087951)
(0.6198537059458028,0.0)
(0.30365878112367484,0.03444522024472573)
(0.4456011889740875,0.08757852910287756)
(0.739639671409763,0.10734973554622884)
(0.24370573725059333,0.06366985170989521)
(0.49095077830515965,0.030639939820816073)
(1.0,0.0)
(0.7491250401697713,0.0)
(0.42784647696365846,0.0)
(0.18377100700880267,0.0)
(0.20655150481903603,0.07394390626240108)
(0.27227768686814635,0.0)
(0.33174732610168645,0.0)
(0.9502449215797828,0.01540106452222834)
(0.8251856693407493,0.020831582089728448)
(0.42043520438328497,0.1511765360686359)
(1.0,0.0)
(0.5217999341914183,0.025023924858508535)
(0.1,0.0)
(1.0,0.1181008715793491)
(1.0,0.0)
(0.4971575866458079,0.021404202880903892)
(0.7210572172709294,0.0)
(0.7497181676886014,0.10752116638896354)
(0.18303008009708976,0.0)
(1.0,0.05623082606346369)
(0.387582230763943,0.0)
(0.2712643342519292,0.0)
(0.9378222600115396,0.0)
(0.778349778021386,0.16877719994642637)
(0.5077956999374836,0.0)
(1.0,0.08686394320945023)
(0.5490767005550625,0.14436604976571293)
(0.21782859514805833,0.16349648367896766)
(0.7744089529464407,0.0)
(0.8258587340870438,0.056604288326600874)
(0.6365468288249911,0.13135182305401646)
(1.0,0.09227845014676717)
(0.1,0.06841109559988515)
(0.1,0.134864771698978)
(1.0,0.0)
(0.5921983478156948,0.0)
(0.6973862059086243,0.0)
(0.23925194742740727,0.023085111224106544)
(0.24014184867025892,0.0)
(0.5234599139889203,0.0)
(0.8545705472211631,0.0)
(0.6121696154110611,0.13801401286556111)
(0.8094298178594364,0.0)
(0.1168748814035569,0.0)
(0.27434714177392183,0.1882935774694882)
(0.4814263879236585,0.0016519602587560705)
(0.4453032889414408,0.0)
(0.365399475956637,0.15123635531149415)
(0.33640704191357196,0.0)
(0.27179273783718494,0.07166362131337332)
(0.4955923403584852,0.04718538160725713)
(0.7580119137633463,0.0)
(0.40670087863921933,0.0)
(0.348228995074834,0.02958915121056223)
(0.5946850348381203,0.0)
(0.24724175115638303,0.0)
(0.29450534734698464,0.0)
(0.6243941929804896,0.0)
(0.6726431540792795,0.10834825668072244)
(0.5704477276404804,0.0)
(0.2203068974521537,0.0)
(0.5583418662306829,0.0)
(0.779033371177451,0.0)
(1.0,0.13274327999870816)
(0.36375863802427216,0.0)
(0.11703325937532216,0.08554566444497325)
(0.5732458638077831,0.0)
(0.9471942591312229,0.0)
(0.990086925655092,0.00892914133824117)
(0.8047291806242289,0.0)
(0.5359100006182222,0.06126894693019901)
(0.625248145958649,0.0)
(0.2760793824632843,0.0)
(0.7571263652194142,0.0)
(0.43457078620875333,0.09616345887360893)
(0.7501444254155665,0.0)
(0.4112101496620553,0.1052965755260779)
(0.1,0.0)
(0.39186834455023045,0.13225850873507852)
(0.15674532033153546,0.0)
(0.5328120743428676,0.0)
(1.0,0.1868117696966917)
(0.8324641515158757,0.0)
(0.42771823029097533,0.020558101453786087)
(0.14284302815475247,0.0)
(0.1,0.09287579162539884)
(1.0,0.0)
(0.5197922809253936,0.021033470314218875)
(0.2838718576818851,0.2668492799928481)
(0.34991729763242696,0.05135262756067717)
(0.4309408417523087,0.19220198033398297)
(0.5704987010678537,0.0)
(0.1,0.03639408393204934)
(0.1,0.057157883639971485)
(0.5305530606045427,0.05333085808220122)
(0.6774674806324639,0.0)
(0.6805854906434029,0.0)
(0.33413908914045587,0.059187360558462146)
(0.26517931798311156,0.03034613074735358)
(0.1,0.0)
(0.24069609714782159,0.0)
(0.18880772491585474,0.07213295880182939)
(0.569971765176831,0.0)
(0.6766241338822587,0.10265349932271389)
(0.400487931344975,0.0)
(0.1,0.0)
(0.5978487157718404,0.08241207796349644)
(0.6158889278746356,0.0)
(0.33677216026206624,0.08806699156035175)
(0.34073795654579836,0.028122165071711766)
(0.1,0.0)
(0.46723566937549044,0.12459093009573406)
(0.8118255976483092,0.12227105272724051)
(0.8985771741382014,0.0)
(0.10961895073007873,0.02068669970582275)
(0.1,0.0)
(0.6490425663031343,0.10152789566562395)
(0.3371241396396523,0.0)
(0.4336072794093466,0.0)
(0.337125363843162,0.0)
(0.21076814147528072,0.0)
(0.4907277769535982,0.0)
(0.6192066223186107,0.0)
(0.4145876680032742,0.14995224251794492)
(0.7503644072413798,0.0)
(0.2692515102874148,0.0)
(0.7260884175872984,0.0)
(0.4597064520198587,0.0)
(0.48607433223555485,0.034613881626208876)
(0.4973904203889017,0.0)
(0.7576045361652897,0.0)
(0.6301465386550353,0.04584374499907346)
(0.603210154023716,0.0)
(0.5549440553426966,0.0)
(0.26036853907265234,0.0035972325785795095)
(0.6163561820788513,0.04632738364360005)
(0.40390069051487487,0.09931162569764919)
(0.906347169956907,0.02228283006760183)
(0.1,0.131619721523638)
(0.5553409080215524,0.0)
(0.3072364562806701,0.0)
(0.6102785049180413,0.08867102535716276)
(0.1,0.0)
(0.6740600338067809,0.0)
(0.9156039366753125,0.030360719949009386)
(0.25754881270303354,0.0)
(0.6540934439427224,0.0)
(0.5250282979636884,0.025362813610184554)
(1.0,0.06055867002339756)
(0.1,0.0)
(0.2672973431306814,0.0)
(0.20821803070444125,0.0)
(0.5587217175871328,0.1423015191219347)
(1.0,0.0)
(0.3207357948801432,0.0)
(0.44447484194653564,0.11893248881912764)
(0.5960730964370832,0.06023101594107219)
(0.5040886098731665,0.0)
(1.0,0.04529708920624608)
(0.6932002932497701,0.0)
(0.417514584395682,0.0)
(0.9101052305864968,0.0)
(0.6190378201216961,0.0)
(0.5841488476791978,0.01434403421882003)
(0.1,0.0)
(0.11898569388915459,0.12448023491491539)
(0.1,0.0)
(0.2666292774874991,0.0)
(0.5672900727777332,0.1764441682701654)
(0.51936020332314,0.010817481980192948)
(0.623660753018787,0.014133852982032822)
(0.812328858524102,0.03316235952489331)
(0.9280747334456365,0.0)
(0.5618932775444647,0.0180202997274353)
(0.7460121284807326,0.053303633199313374)
(1.0,0.15387714915122513)
(0.8640849292466666,0.0)
(0.7267861177654862,0.00910995091197693)
(0.26322823440441023,0.02682352755025695)
(1.0,0.0)
(0.8554462755988248,0.0)
(0.6985045211551899,0.0)
(0.7154375383369324,0.0)
(0.6241859193805639,0.14763921255526627)
(0.3505099843024197,0.05269111121236986)
(0.9500890686189979,0.0)
(0.7423224271190849,0.0)
(0.7440428920178372,0.0)
(0.27147572780236545,0.045931085175949744)
(0.36875229562469986,0.0)
(0.6266862043078716,0.0)
(0.14074940164202587,0.0)
(0.1,0.0)
(0.8140147975407991,0.0)
(0.7407080172676381,0.0)
(0.8670191630093718,0.072146324264137)
(0.18010509449150236,0.03866579552369945)
(0.1,0.0)
(0.4715373255929198,0.0)
(0.578090235170043,0.0)
(0.5286282337743851,0.0)
(0.4398862051389954,0.0)
(0.41940022121015563,0.04466284548577544)
(0.3749376182234431,0.03007629316902954)
(0.1,0.0)
(0.9006385488236444,0.01402206614534663)
(0.1624747073745929,0.09814225205757353)
(0.823754273268555,0.1428092637859747)
(1.0,0.025826685811812945)
(0.6685965010275705,0.07833172568988106)
(0.6654627615770856,0.0)
(0.6353234672129916,0.0)
(0.30976514186733456,0.07810031904980984)
(0.6053073185972324,0.07463793764202441)
(0.8421242967322582,0.1115808404611379)
(0.4844393489765997,0.04982099767458115)
(0.9938595588941838,0.0)
(0.5023233712799865,0.0)
(0.6181629493468286,0.019470735474019077)
(0.1789388431012479,0.05451669071491683)
(0.2968141698049041,0.0)
(0.7652233868594163,0.0)
(0.8226200173982974,0.0)
(0.716248888289105,0.0)
(0.7978875139434813,0.0)
(0.559479500620675,0.15787252097936857)
(0.10489298419199998,0.0)
(0.3658061572104385,0.0)
(0.9125410682526732,0.02480457391886612)
(0.6348517458177716,0.0072209294041677965)
(0.5006224073793143,0.0)
(0.5887456725457436,0.0635611413218155)
(0.1,0.10998977896490435)
(0.16921315090272254,0.0)
(0.6128314015714653,0.0)
(0.5584764597375345,0.12241348870317942)
(0.3671490026194052,0.10279430230486389)
(0.17059438271204955,0.059595655923940206)
(0.8850602852286836,0.22170775641292725)
(0.1,0.17006180995949857)
(1.0,0.019935844233249955)
(0.45782050108202504,0.03826965627637546)
(0.2824337120496208,0.1407563449659531)
(0.6807878498716418,0.0)
(0.4633424394814382,0.0047954965707642785)
(0.8296008362564176,0.005276551895390093)
(0.1,0.05139003332737459)
(0.42783457734389296,0.2540214907320116)
(0.2188567411688622,0.0)
(0.750834763898723,0.06101168631896434)
(0.1,0.008846754393798228)
(0.8681216583606729,0.0)
(0.1,0.0)
(0.5325034673255434,0.0)
(0.8172022854690953,0.07227976863661316)
(0.40895685458248277,0.08375470469585702)
(0.8884080339011609,0.0)
(0.32981606856531864,0.0)
(0.2428280347347898,0.042450038208582855)
(0.681254040352397,0.0)
(1.0,0.0)
(0.1,0.06454333007015474)
(0.1,0.0)
(0.19513603458925283,0.04751894678353091)
(0.5625189595723932,0.0)
(0.1,0.0)
(0.5093950972138425,0.0886325239302917)
(0.6302784224934216,0.08903122931038927)
(0.8624445231134078,0.0)
(0.535666952068553,0.00873041574013873)
(0.12184118009166667,0.08209551099901528)
(0.6730602486873307,0.11380162502302167)
(0.10768760441272385,0.0)
(0.13318886899922727,0.0)
(0.2967726836381099,0.0)
(0.7613993955867472,0.015937040899410206)
(0.5736187273153538,0.0)
(0.598210632218572,0.07960119884458419)
(0.1,0.07434581748990725)
(1.0,0.0)
(0.2060991720962015,0.04811527924380092)
(0.9641647050692503,0.01726319303386405)
(0.9240482433371564,0.0)
(0.6333427349447123,0.0)
(0.2696005559336463,0.011084921901871405)
(0.9990856644874191,0.10464356040270767)
(0.3112143852663046,0.0)
(0.3837539007783831,0.06717350213394115)
(0.2896551265964426,0.0)
(0.17717313701441217,0.0)
(0.4532745881045038,0.0)
(0.7919126340926547,0.0912328106549604)
(0.35538293011017796,0.0)
(0.8286417281124996,0.0)
(0.41576053377943567,0.028371591116427782)
(0.6239746610145956,0.0)
(0.1,0.0)
(0.9209470834096788,0.0)
(0.898756490442028,0.0)
(0.4820742540086227,0.046499964831492956)
(0.36483631216256696,0.25897334763639646)
(0.706231453918042,0.0)
(0.3188724235134937,0.14613525924486453)
(0.6190040180457017,0.0)
(1.0,0.10587278837856978)
(0.6636601539292044,0.010784023040119665)
(0.9969757885488076,0.0)
(0.2734542067075362,0.0067368429002088795)
(0.7040977931369476,0.0)
(0.8257224850294761,0.0560236401884343)
(0.41125255587875514,0.0)
(0.7295031490606119,0.11646088999379525)
(0.781980259405587,0.0)
(0.5189594230007007,0.0)
(0.5172419673025379,0.0)
(0.7675354801230668,0.038569806440935016)
(0.17294043835889394,0.0)
(0.6180053496865545,0.0)
(0.1,0.0)
(0.6042456575240266,0.0)
(0.431927164318053,0.09222959835528804)
(0.3063500217866744,0.029089944547719737)
(0.1,0.02973380445295386)
(1.0,0.0)
(1.0,0.0)
(0.2279034433201118,0.0)
(0.44608950266422187,0.1349521477516391)
(0.5993345747631175,0.10125295624275421)
(0.5741971994516663,0.017578731325200655)
(0.1,0.0)
(0.9781926779795668,0.08809281619853436)
(0.9788793106587252,0.0)
(0.22847471877938486,0.0)
(0.12787073272155253,0.06046400421074269)
(0.8716524828602725,0.046976848337409005)
(0.33192712504062827,0.0)
(0.352699949548461,0.04671511935562054)
(0.5201812695057153,0.0)
(0.6038438666539074,0.0)
(0.3163535447529685,0.0)
(0.8925799319498422,0.0)
(0.7939467129121983,0.08752678935651531)
(0.4475776091267918,0.0)
(1.0,0.04799119539106103)
(0.1,0.0)
(0.8300568514931177,0.059222612579724276)
(0.1,0.0)
(0.25226415946517444,0.0)
(0.25691536282963434,0.061235009624280134)
(0.26315245612388805,0.05270484833164581)
(0.40141131376261285,0.0)
(0.25815928637923735,0.0)
(0.6014826131849913,0.2818676330541484)
(0.25334803771234604,0.24283527339582284)
(0.8388605774002286,0.0)
(0.9617785574825297,0.08125068591750663)
(0.2557235105237429,0.05928571740783484)
(0.989094903295116,0.19129847124043164)
(0.40397881268746505,0.0)
(0.44539862788072027,0.0)
(0.22559064899101922,0.13395172035629913)
(0.47910333825225926,0.0)
(0.21003571383263678,0.0)
(0.223991658475762,0.0)
(0.7735009690145105,0.08507398074081102)
(0.41456099295337334,0.0)
(0.8478316657395403,0.1238304535974669)
(0.16866128089972077,0.006075864786082783)
(1.0,0.04717107964923806)
(0.8329578352286843,0.0)
(0.554607212409605,0.18809579386752975)
(0.9282143427339515,0.21716363066759473)
(0.6901743922693019,0.0)
(0.1,0.0)
(0.6266110846614825,0.0)
(0.13781354252537376,0.0679938763086416)
(0.7288573357538619,0.0)
(0.6724732584706755,0.1656871949722588)
(0.28885122617075343,0.0)
(0.2518565979134187,0.042760394567132876)
(0.7864075033125978,0.0)
(0.7603216481468226,0.0)
(0.2755744033189698,0.1059526970624291)
(0.9462149783338671,0.0)
(1.0,0.0)
(0.6121958326031056,0.0)
(0.8714011353931778,0.0)
(0.4709790681317644,0.0)
(0.295867479638234,0.043283947462006166)
(0.5961347935782263,0.0)
(0.10930853729974568,0.0)
(0.7308350740601598,0.08558747167469388)
(0.1,0.0)
(0.7141137865999614,0.037200909268668474)
(0.5791674464091445,0.01522040080070119)
(0.8661048459703925,0.11583448195624353)
(0.5649454570304169,0.11936937007867031)
(0.10782807837876522,0.09572427418124275)
(0.1,0.0)
(0.4967784093654033,0.024755310373632152)
(0.8895418697035713,0.0)
(0.4707982710822791,0.1633580065371795)
(0.3427012654345518,0.0)
(0.10649690098941018,0.02603668202357995)
(0.831663919749489,0.0)
(0.6711135141416329,0.0)
(0.6037066010876646,0.1113209484645295)
(0.6747025047472974,0.05348211872964719)
(0.6774779395064282,0.0)
(0.31842571101843364,0.0897536933059466)
(0.7161186077866868,0.157837707687836)
(0.6458542445185081,0.0)
(0.4937349361456461,0.03602635888481554)
(0.13291292655439133,0.0)
(0.1,0.09740375864235071)
(0.40358604248788055,0.0065136561264806285)
(0.2627008069021916,0.11073465455339522)
(0.9414172487185981,0.12102769213194964)
(0.6711906793605747,0.0)
(0.7720312668306906,0.07704013261579852)
(0.255957697003316,0.058012075171193105)
(0.32390639754078254,0.03470345291324824)
(0.9314651446674743,0.019711000157144706)
(0.14962950445227927,0.0)
(0.6884163818234553,0.16710758341983475)
(0.5620180413005015,0.07865644929392637)
(1.0,0.053882020253737645)
(0.5460878539380846,0.22664007207303932)
(0.8463833406715828,0.052886182399055195)
(0.6572103543555812,0.0)
(0.5340275798490101,0.011459119520756077)
(0.1,0.09249026742022196)
(0.8946147736796566,0.009378281692747297)
(0.1478040477846183,0.09755432206338117)
(0.6915918577249253,0.0)
(0.1,0.0)
(0.9264748923095799,0.020873120397354405)
(0.5807111910848559,0.0270917498214287)
(0.8795057845365953,0.051161053291906816)
(1.0,0.16048175940349108)
(0.43742317990594576,0.0)
(1.0,0.029312587536622553)
(1.0,0.11477895539288235)
(0.1,0.0)
(1.0,0.0)
(0.3567396963562645,0.03635124235487385)
(0.30104395124163275,0.0)
(0.3854073722910633,0.1156050387749338)
(0.16806647071510025,0.0677673215828596)
(0.381113299256738,0.0)
(0.47495976110198596,0.0019189762086792676)
(0.3970578591475667,0.014719829488186596)
(0.6597470434977883,0.07788031718399126)
(0.6642225451743221,0.020796806330876355)
(0.8632082145647666,0.05643304499726466)
(0.6795953534308122,0.15469543779266606)
(0.9404184779740705,0.0)
(0.28891892770524696,0.0)
(0.48966017330328765,0.0)
(0.4284923255171036,0.0)
(0.1,0.0)
(0.6860838930561578,0.1715177623170531)
(0.40007095606187604,0.11079969395056184)
(0.1,0.0)
(0.8551380559022377,0.03083119993910154)
(0.7381321807680176,0.04580602162635368)
(0.46451126401260007,0.06865734920207359)
(0.5446468010423638,0.1200257492104992)
(0.5044596137696138,0.026199291969505767)
(0.43619442614093995,0.13343672871320228)
(0.5364799290348349,0.0)
(0.8989864428538228,0.0)
(0.6698092981500857,0.0)
(0.7134793853674213,0.06832464689236538)
(0.40948690827806095,0.0)
(0.349724545417051,0.02881957196258171)
(0.1422538431956362,0.07965116334943573)
(0.6475189955197621,0.0)
(0.1,0.04500329695260709)
(0.9473220325634808,0.0)
(0.3952492369651989,0.031233138021126233)
(0.850497000182084,0.0)
(0.6937699312652881,0.0)
(0.1883234502603604,0.0)
(1.0,0.0719036302642353)
(0.41148369485224295,0.0)
(0.5312094965355103,0.014184775269206107)
(0.43295539153868173,0.09452892451320172)
(0.20188327212307303,0.0)
(0.34639800382947344,0.07525922547333776)
(0.5713641720916283,0.21148689045893146)
(0.4669236121543485,0.0)
(0.9933195749790221,0.0)
(0.22102667146835456,0.022422299162079672)
