(0.9220102159919222,1.212225963145022)
(0.7546653945647654,1.326592888777843)
(0.6907283043459869,1.459175942514407)
(0.9335315859332797,1.0712010338678255)
(1.0,1.0)
(0.802595391168487,1.2459578151129356)
(0.32261945101256906,3.31027301657829)
(0.6036326665695994,1.9784443642881215)
(0.48353404742055267,2.2342489553755613)
(0.21632943344675828,5.080804880644231)
(0.3049601640227258,3.761922834821452)
(0.26229954705305336,3.8124351003844374)
(1.0,1.0)
(0.28089575797930744,4.115041153606902)
(0.43012167989540007,2.4474348942437945)
(0.592299827341584,1.6883341068801156)
(0.6601278416166864,1.5148580880196623)
(0.8955088295763264,1.1166835735981624)
(0.891166670865652,1.2832746712769134)
(0.4426909371896708,2.2589122929606087)
(1.0,1.0091671455425288)
(0.49552049996006586,2.0535169654840626)
(0.1,10.097035631902456)
(1.0,1.1063913784335688)
(0.6736218776271411,1.4845123550953219)
(0.5952536665407313,1.7018498957284378)
(0.9400508216811665,1.107643684148392)
(1.0,1.0988741239738864)
(0.30428817831549027,3.3913467418238126)
(0.6966333085079993,1.4354754327520318)
(0.867744936764523,1.1524123709999434)
(0.9501281494680652,1.153860531861322)
(0.9016603169596312,1.1090651115399721)
(0.37590582832057545,2.908200233971351)
(0.5377775498797348,2.0167304272357214)
(0.7185506810623514,1.4482455125064286)
(0.2927356337928929,3.8107975253737223)
(0.4950482033836467,2.2105051088670353)
(0.19229984130211084,5.200212299858113)
(0.9025162742362207,1.1080132608647724)
(0.25841399181771196,3.8697595008919285)
(0.4974884640434193,2.3023254613463413)
(0.2324019532866265,4.669771028190279)
(0.2856533873618076,3.6043674989165795)
(0.8838582420074756,1.1314031509495637)
(0.49484795036452267,2.0208227583106373)
(0.9805912559381254,1.0269485976101789)
(1.0,1.1486618796033081)
(0.1,10.0)
(0.12537815462209773,8.823836129789118)
(1.0,1.0284277803796638)
(0.9559326782707902,1.0460987711068988)
(0.7612176410580511,1.3136847414755843)
(0.4897263452071331,2.3709014935650936)
(0.7052741892862252,1.654542318532359)
(0.9348042621783,1.0742714539462608)
(0.3198574803380475,3.2478504219034705)
(0.287201427411542,3.835281868863096)
(1.0,1.081300732471268)
(0.5939052526563314,1.724788582499584)
(0.8922536440531649,1.1207575409357646)
(0.3653564220489366,2.83044314554297)
(0.9231412222510845,1.0832578763642413)
(0.4464572136306364,2.239856294106878)
(0.6348224566355972,1.7905457764764783)
(0.6290788800452707,1.589625771458162)
(0.6404650550156923,1.56136543620713)
(0.9024632449719286,1.1750183749639904)
(0.4208208342535331,2.376308201978249)
(0.5415224017011238,1.8466456731219747)
(0.1,10.0)
(0.910382435757548,1.199131898089564)
(0.31246143224042344,3.5388775042553897)
(0.5558003847066879,1.7992071029740815)
(1.0,1.0903377818814226)
(0.5506779277385982,1.899939067046055)
(1.0,1.0921391818857757)
(0.8861075413317331,1.2257376169070464)
(0.7017181015297775,1.4250736838909446)
(0.5237537569321907,1.90929418026011)
(0.1,10.0)
(0.2690144202928196,3.9649601147165554)
(0.26492195975240285,3.774696521702482)
(0.4710650103381272,2.1228492417261196)
(0.7892365487219271,1.507290488324303)
(0.33219003901737926,3.169267120211046)
(0.4004293748433557,2.4973192848081904)
(0.4780177245203987,2.1276987209105562)
(0.8864726876564948,1.1280663396902044)
(0.8358952456243633,1.206858655817103)
(0.5754581657132815,1.7377457816772799)
(0.19144807428988775,5.608295476575969)
(0.4573193660983783,2.1866557030626175)
(0.38586011030552764,2.5916127977265924)
(0.6481863691004747,1.6905667975812877)
(0.8793844823215413,1.1371590244122096)
(1.0,1.1075675401984182)
(0.772208886820053,1.4046110831416958)
(0.7523760076167095,1.3291226592507719)
(0.7160056672765116,1.3966369900446802)
(0.1,10.0)
(0.7097600600407535,1.4288475086122292)
(1.0,1.0093600812360595)
(0.5027831322061548,2.0793206082333513)
(0.26044713601298713,3.839550763768565)
(0.1,10.0)
(0.4584138646688338,2.232514118627885)
(0.5224261645618016,1.9141460895986628)
(0.7844775513655745,1.2747337361779902)
(0.9925670596612717,1.0074886026756367)
(0.9124467373103329,1.3389994613618454)
(0.8489801683420565,1.1778838155346607)
(0.5859272307199269,1.706696578637083)
(0.257364266926818,3.885543288277668)
(0.40682384035677294,2.458066368782686)
(0.6400532858826213,1.7005956297820735)
(0.4303186689550991,2.602304678470181)
(0.42689939183414305,2.4126249480090105)
(0.17908713877005916,5.597877613056666)
(0.2268923548668081,4.462270977401852)
(0.6066013492532576,1.648529138998828)
(0.1,10.646021121163402)
(0.5791471374568239,1.8884791878301825)
(0.5429900436995414,1.9065359842278624)
(0.5453597539740748,1.8498931756128707)
(0.7735509693906324,1.292739637813076)
(0.40938969333666664,2.4426604193419146)
(0.8005984385040753,1.2490656387845425)
(0.6342426756143704,1.576683560486264)
(0.1,10.0)
(0.1123522878522792,8.900575316408332)
(0.6774452805850621,1.4761339825651598)
(0.1,10.079500392751934)
(0.7298874745607273,1.3700742030157953)
(0.4975743872049994,2.1279546407070815)
(1.0,1.175204469555837)
(0.25405260358714404,3.93619268561042)
(0.7352342087441288,1.5390883342221824)
(0.5095734850690081,1.9926153651173921)
(0.4190065232130183,2.3865976890570058)
(0.4968257269194223,2.0127782154127156)
(1.0,1.0179255751530647)
(0.39201557282524485,2.5509190688345083)
(0.6392690762062558,1.5642865222489768)
(0.6566321542655955,1.7772982099261723)
(0.5545096746456093,1.8033950456123358)
(0.1,10.656009781714197)
(0.9658112311690826,1.0353990176626264)
(0.3200051512646873,3.4897777023825984)
(0.11211049446763478,9.188179678488096)
(0.2805467922268966,3.8489833106631415)
(0.566866536433877,1.8581350656783393)
(0.6493840261738207,1.5399208475946247)
(0.43776499634385035,2.284330653094365)
(0.1,10.0)
(0.41424221334663536,2.4140465838115976)
(0.5739631720955466,1.7422720631168507)
(0.32511079387319414,3.075874498310379)
(0.23991121914282443,4.232119274376063)
(0.29472862955633977,3.9126920837251857)
(0.6828995989010914,1.5136386622532032)
(0.33349014885925005,2.9985893239144863)
(0.9362739574137265,1.0680634573691488)
(0.6329670418905942,1.788068751003508)
(0.4080331339640455,2.6394849034516796)
(0.8866885122438235,1.1588447558223678)
(0.7726828604847916,1.2941920303144638)
(0.843740875089509,1.3288191550980417)
(0.9051517193658323,1.1047871628643873)
(0.7963872923547677,1.3112875933538262)
(0.6249177934310134,1.6986374894537826)
(0.2973513363012458,3.687929832973689)
(0.5853212254892278,1.7084635862370652)
(0.8540311209894118,1.3411511369954328)
(1.0,1.0347757648319091)
(0.32552593492943155,3.3749210809154024)
(0.4439105574669808,2.2527060534584886)
(0.6445421543560136,1.5514889030014456)
(0.23428692951376442,5.190269319377557)
(0.5087429651935719,1.9656291455932162)
(0.5868072626851567,1.8895840878113792)
(0.1,10.0)
(0.43573027146579885,2.2949977669350234)
(1.0,1.1002313938231247)
(0.5772150269387948,2.0628551983607655)
(0.44296529499437665,2.401290851591379)
(0.6045597036795656,1.6540963513010278)
(0.7294015753934978,1.4824468045746213)
(0.4515393300316868,2.2146465069384433)
(0.7779564164466292,1.463798131818602)
(1.0,1.0)
(0.4357178160201693,2.2950633718262057)
(0.37116127904867463,2.7337702948218463)
(0.6501995309678708,1.5379894207420066)
(1.0,1.07686213074913)
(0.6346803071179494,1.8072955018570815)
(0.4743197928812568,2.1082822496727314)
(0.7743959140723276,1.2913291274243492)
(0.2938485042308088,3.4031141407972973)
(0.8868210656457409,1.1363931987234324)
(0.1,10.021320292943098)
(0.8260018411356584,1.2106510545123168)
(0.1,10.460138205286697)
(1.0,1.0)
(0.6695288310379867,1.508551144961894)
(0.1,10.0)
(0.1610908959296998,6.207675450736836)
(0.37542966149520635,2.6636147927613023)
(0.1,10.0)
(0.1,10.547822971223475)
(1.0,1.0156421857206948)
(0.5019690631755171,1.9921546433038697)
(0.5447975628706809,1.8826189645445532)
(0.7402701972936929,1.3508581105329336)
(0.6044587349804418,1.6543726513148274)
(0.26689642342553943,3.7467718269330303)
(0.1,10.0)
(0.33854466610196876,3.050377167352622)
(0.4185535777505799,2.3891803896989017)
(1.0,1.1674325990470438)
(0.8351345329986124,1.3553359933655342)
(0.6297442285948225,1.5879462718242712)
(0.14866645017591862,6.726467194290906)
(0.8457340683223149,1.1824047740960735)
(0.5203396660391116,2.0669740321279515)
(0.16275903358731209,6.144052209941084)
(0.5969561583805064,1.8291720511180087)
(0.4690097980856534,2.513729443940564)
(1.0,1.1008744593572755)
(0.5116019981992717,1.9546444375115493)
(0.2834323180555215,4.054702980192744)
(0.8705050058110813,1.1487584716049548)
(0.8590951476217622,1.276531640499649)
(0.6967811705808996,1.4351708143409068)
(0.6017219156343584,1.6618972552225584)
(0.8734189993756867,1.144925861144299)
(0.3648405917954003,2.74092308391165)
(0.26887184819744414,3.719243969586794)
(0.5265747660777859,1.8990655542584043)
(0.6313978140396537,1.7839808230903307)
(0.3029581743029792,3.3663116931275745)
(0.5988695504992876,1.6698127316145615)
(0.8159207777754982,1.3708587578813307)
(0.8838196169869568,1.1314525959597)
(0.18456825661651372,5.702454376499144)
(1.0,1.0221442474508116)
(0.983603077128862,1.0954328265108602)
(0.6924836599471231,1.4830833492009543)
(0.49122874840822156,2.272653402075861)
(0.3621425880217614,2.761343274931004)
(0.5965413767554564,1.6763296545143687)
(0.4791988000876822,2.0868165776229475)
(0.19861576965131733,5.034846939674346)
(0.12622799697983497,8.303931851566944)
(0.1,10.0)
(0.6228276066364408,1.6420499668831432)
(0.8947392398378725,1.2498441124246227)
(0.6551501809290856,1.526367585798227)
(0.6230397398656677,1.6050340548351023)
(0.21495948707043774,5.377446101780724)
(0.9085534278593776,1.1006507370249845)
(0.6840010958498913,1.698754590889105)
(0.1,10.0)
(0.5995757823816382,1.6678458826802418)
(0.9119434279699244,1.0965592484460336)
(0.889551320232186,1.2871984112406682)
(0.6266266565797207,1.645515168272496)
(0.17178396416873076,5.821265127039294)
(0.6322300251804677,1.607846841180761)
(0.5568040926004904,1.795963810771601)
(0.9629953911056478,1.143394586180484)
(0.24117076481345096,4.14643956025729)
(0.1988053221095473,5.25704845949614)
(0.54128349567341,1.8978298191181588)
(0.701163417179141,1.4268035644171804)
(0.1946429077319522,5.137613343595986)
(1.0,1.0)
(0.8071448526428089,1.2389349900773468)
(0.9902509279370957,1.00984505218613)
(0.8092921431068206,1.2356477305723792)
(0.6630749439235468,1.7039849696284053)
(0.10746969811357274,9.75748490372692)
(0.36195723956504267,2.7627572837103123)
(0.14472149431285844,6.909823621902379)
(0.7054442937477509,1.5149653012321986)
(0.22230159671301153,5.105663561609378)
(0.9248039064870794,1.1796339896460037)
(0.858182061238717,1.3190328994703182)
(1.0,1.0)
(0.42730450011878574,2.340251506178876)
(0.4090392037506956,2.44475343886472)
(0.8220594354128667,1.2164570551979192)
(0.1,10.0)
(0.26493008282726166,3.7745807849688964)
(0.6104763564477952,1.6380650772762808)
(0.7416387476635848,1.3483653640675346)
(0.8487336844443848,1.1782258891428825)
(0.4411290595156751,2.2669102804016608)
(0.9220132424938698,1.084583120840207)
(0.1,10.0)
(0.8138029029938959,1.2287987623552392)
(0.46619170996812864,2.3873703390222336)
(0.15981879843351834,6.257086211394472)
(0.4530160284550612,2.207427413573732)
(0.6785847192379677,1.473655347151013)
(0.7300315393719208,1.4298073508656641)
(0.5218420576944948,1.9322743376720055)
(0.6751760994595721,1.4985959892329055)
(0.5031901863609869,2.0504743407898682)
(1.0,1.0)
(0.29579246687439886,3.4655498130080953)
(0.24261899311989152,4.581146346547079)
(0.7633414615683258,1.31002971847677)
(0.3914091994761988,2.559994203782276)
(0.42584101931702134,2.3482942098998234)
(0.5430189598874805,1.866188754405727)
(0.1,10.0)
(0.22719737264288276,4.401459349496251)
(0.22842554121845662,4.929252824904035)
(0.2133306960961352,4.687557947822758)
(0.29095546097842345,3.550577602421544)
(0.5331630948809118,1.8755986856580191)
(0.5387428997355739,1.8561729546520624)
(1.0,1.0)
(0.5441760319332509,1.8420031798434675)
(0.5539944434191849,1.8414007444463991)
(1.0,1.0)
(1.0,1.052970329897582)
(0.7715874916672072,1.4272569507928519)
(0.5767413737535864,1.7338794224033796)
(1.0,1.0)
(0.4976775865346955,2.09318384120603)
(0.5719135643962998,1.748515968589728)
(0.7153070454958871,1.3980010490554435)
(0.1,10.0)
(0.31517274164551334,3.2770833328272286)
(0.4526980024778594,2.348740223661429)
(0.7100479740350185,1.522307740095762)
(0.8002559946707132,1.2496001362807372)
(0.1,11.118318418703868)
(0.8198821624200644,1.2196874695362048)
(0.433196248861841,2.4476022332517724)
(0.45451200280102794,2.387706756088057)
(0.47953816557314166,2.0866172145279314)
(1.0,1.2354678326588147)
(0.2894277727743083,3.698845387562591)
(0.6594037711625145,1.516521505840074)
(0.7485188089708154,1.5627304269594064)
(0.748716369586663,1.3771797247266615)
(0.32651377497341827,3.0941543103666165)
(0.630688803120529,1.5855680250738384)
(0.2633522776365318,3.797195182720841)
(0.2970254755454347,4.027027963638688)
(0.8032722967214232,1.4826082838682129)
(0.6438772576420178,1.653303353619572)
(0.3869810037638082,3.070486494684214)
(0.30452013103925385,3.283855148056192)
(0.1,10.0)
(0.6024896294966329,1.6597796062240582)
(0.46710574755495227,2.2256610451073904)
(0.5449215764076054,1.8351264535944756)
(0.5138460521468303,2.051145556158441)
(0.8543917309895745,1.1704233125498287)
(0.6743971237854298,1.522968682852531)
(0.7851709984541212,1.2941212037893501)
(0.1,10.0)
(0.1,12.153921377105995)
(0.20157081705783755,4.961035603249382)
(0.12990665390787337,7.697835098648416)
(0.4911529577998389,2.0360256089662663)
(0.4637081105108065,2.2563504743059064)
(0.38701286445335914,2.5838934357194088)
(0.7784634351059091,1.2845818504808142)
(0.7850061610209991,1.2738753523913424)
(0.7967265227187186,1.4225201700221524)
(1.0,1.0)
(0.1871936290160893,5.342062148461527)
(0.5310749352828205,1.8829734441665122)
(0.8659427893115248,1.1756825877728598)
(0.3456652057699467,2.8929726894917445)
(0.28766952842930904,3.4762110726848734)
(0.9572412216996615,1.1228746799543383)
(0.4576939961292186,2.54757130039679)
(0.1,10.0)
(0.7887570380197786,1.2678175303646855)
(0.9394275450181924,1.0644780486829717)
(0.38608573508087884,2.8465473379836457)
(0.6978705711800979,1.4329304620325254)
(0.2103779830109157,5.395509029642118)
(0.15175043267162774,6.775642596381011)
(0.5097352877688516,2.057617584623908)
(0.3630690497083303,3.0726156994387512)
(0.3700026712452602,2.702683190460372)
(0.3699293899552163,2.7032185794187917)
(0.38334404252991877,2.7974149943399005)
(0.40989508929437674,2.4396486469781156)
(0.1,11.15759046416069)
(0.539173578046459,1.8546902903202591)
(0.38240314858239655,3.031793392009513)
(0.6040301494243854,1.6555465003741234)
(0.5676052842026683,1.8194818434459787)
(0.4279521509196097,2.4852645638423003)
(0.33248092475275953,3.4842059108112564)
(0.3631919671541791,2.753364860560059)
(0.6117472940525179,1.6346619097822292)
(0.9572600193517774,1.0446482458101245)
(0.31710550420419087,3.286753998980661)
(0.6304855755865025,1.795276857916273)
(0.838718453461269,1.192295216437823)
(0.3662493671149217,2.8203631476490645)
(0.4027280483345687,2.6631281986287787)
(0.9232927259860191,1.2313508279788135)
(0.1,10.081375206618382)
(0.4944667049788649,2.115158378089628)
(0.1,10.0)
(0.1,10.0)
(0.9083281051030879,1.1546100837683255)
(0.4842368130369249,2.105654599997297)
(0.18697423441557906,5.4469266211990846)
(0.2231049379178731,4.482195729653052)
(0.5216319393032864,1.9170605261166371)
(1.0,1.0990950949812568)
(0.1,10.0)
(0.49156236768816153,2.093512282205929)
(1.0,1.0)
(0.6361479161196799,1.647851057417117)
(0.4153214365616077,2.822840309426671)
(0.8978010467168632,1.1138325174122534)
(0.8508316023732797,1.223921921939358)
(0.5039038198755152,2.1917187512755136)
(0.1,10.359448927616194)
(0.1,10.0)
(0.7051978561752272,1.4609020211055879)
(0.7605991123556174,1.601154187412447)
(0.9204058362225562,1.0864772480193159)
(0.15545793042057526,6.742748009561751)
(0.9908497159082033,1.0092347849980556)
(0.288647263648492,3.464436098787262)
(0.3262301661109933,3.065320451266208)
(1.0,1.0)
(0.21415330320657636,4.669552068666347)
(0.8874434428366244,1.1268323723296663)
(0.650082217393901,1.6091117686154)
(0.6134702655280065,1.8098426756566168)
(0.6653417756647491,1.5221830010747124)
(0.2897032210298751,3.451808359068527)
(0.1,11.091816131989152)
(0.5983505421855274,1.7894716904880061)
(0.9213836788339657,1.2153187640673129)
(0.6787012135731741,1.6078634426971403)
(0.7161994770616116,1.4089452829554248)
(0.5260252059478966,1.9010495860136618)
(0.12144405427613872,8.234244203723687)
(0.31668088634441144,3.3717695139150194)
(0.9233287927184751,1.1617160567772344)
(0.1345198565359831,7.433846762485262)
(0.5167629305771313,1.9351233241192045)
(0.23626384206484627,4.232556244156626)
(0.8981588108594154,1.3923308762626374)
(0.6264210143865385,1.7487352001470908)
(0.7231720466824342,1.3827968110597186)
(0.15802947272275505,6.805400070433895)
(0.7904180582814749,1.4047807837557498)
(0.5934188821721817,1.9455293331994692)
(0.808514508243735,1.2937186728354022)
(0.2468774743453931,4.050592313663066)
(0.8403604864077634,1.1899655161972664)
(0.10157713944811744,9.844734803845997)
(0.6359285573080115,1.6838576773174514)
(0.5052494478873805,2.222509426626672)
(0.16670355313033172,5.998672381135048)
(0.5541412443633152,1.8045940636469995)
(0.27375806778885814,3.6528603817121903)
(0.2602037572376237,3.8431420461264842)
(0.25069012616842795,3.9889883789365634)
(0.6120546762415429,1.7450741072290588)
(0.1,10.0)
(0.3898348680883118,2.565188703883367)
(0.598370847520887,1.853663452951522)
(0.7009633052042329,1.436171496248989)
(0.5315468240419853,1.881301805917691)
(0.9906850311320275,1.0094025533597983)
(0.5110774742163966,1.9566505088748785)
(0.961363940527624,1.233389848325241)
(1.0,1.0143515706033461)
(0.35998356504403295,2.990651170816895)
(0.5459039447504153,1.8318240958254943)
(0.8515127273439711,1.174380567533252)
(0.12186132345106404,8.206049070208653)
(1.0,1.2144406398677163)
(0.4376865127113024,2.284740267195757)
(0.6711619723805504,1.489953306581258)
(0.833407485757411,1.1998932300100325)
(0.1,11.323217872712013)
(0.8935962104907224,1.1190736803268733)
(0.9068520353431114,1.2798977317329778)
(0.38769155336596145,2.7821874889848033)
(0.9070428108092443,1.1024837946819965)
(0.4805130760037921,2.1327832196895242)
(0.6507384483670584,1.5367157150608928)
(0.440478137283007,2.2702602362248467)
(0.8473105393146035,1.3091090873160778)
(0.5874560313616581,1.7022550567437542)
(0.20039119518086354,5.682307376820706)
(0.979340939773729,1.0210948602138945)
(0.9544968541594452,1.0476723895340923)
(0.7639987393198282,1.5426359116599202)
(0.1,10.848113245668385)
(0.8570643339033744,1.1744183173321188)
(0.7328442902946738,1.3706669330136056)
(0.16831999826477206,6.256036043015328)
(0.7300886672521918,1.3696966476190675)
(0.32345408890076466,3.1064321577607146)
(0.6393118842503701,1.5676136748882623)
(0.3842405843609974,2.6435401216878742)
(0.7651642530923671,1.4552211630174217)
(0.5853417568912423,1.7410620127652767)
(0.6821377093185198,1.7039014631925173)
(1.0,1.0752027459191529)
(0.15070345720863998,6.63554784025664)
(0.6465187009250135,1.5792745545721205)
(1.0,1.0629036687467293)
(0.23126503248649719,4.423872534740742)
(0.655707711284387,1.7535012189537547)
(0.8245251919357501,1.2128192198133874)
(0.38152617009584433,2.6210521803754303)
(0.1,10.011306047863936)
(0.6723338397067831,1.497956583592078)
(0.4976578490604018,2.0902179434220716)
(0.7788370523671473,1.2839656215130806)
(0.38621047872988806,2.5892616981513608)
(0.1,10.063173467484038)
(0.7900490972865241,1.2853887151644725)
(0.769573585209538,1.2994208990784448)
(0.8859878430910307,1.128683658357212)
(0.3104641187509374,3.229379653295374)
(0.35040809226877984,2.8538153714582366)
(0.21730231098617744,4.601883870731636)
(0.5705297289350751,1.7527570418925489)
(0.4743344071729777,2.108217293280446)
(0.9278927645329033,1.077710742257372)
(0.7390135558136071,1.4774039001626618)
(0.8662166762950594,1.154445564679212)
(0.6878364427475875,1.453833989960555)
(0.45214460902916054,2.2116817939003806)
(0.6452130914578081,1.549875557764302)
(1.0,1.0783699065642196)
(0.5619362885332572,1.7795611716234925)
(0.7360279936715135,1.4350805568160605)
(0.1,10.0)
(0.8033832312420448,1.2447359630023422)
(0.9181949124699397,1.0890933792151005)
(0.553636190157699,2.0818012331161904)
(0.7839672911682524,1.361436022247286)
(0.5127313801846988,1.9503389857663378)
(0.8579206274193192,1.1656089946316652)
(0.598145723372854,1.6718334026717603)
(1.0,1.0)
(0.7982384736234227,1.3260588432259373)
(0.25037485422803063,3.994011311891741)
(0.7708034280374092,1.297347629273215)
(0.33323431119203756,3.0117313652628317)
(0.34027775134966387,3.1938918496684865)
(0.4494502941585806,2.278982046286015)
(0.5178625345112539,2.117911751557065)
(0.904109224174146,1.1060610524280903)
(0.6182106635187659,1.6175715803867639)
(0.19979897317532253,5.005030727172484)
(0.7509571633096106,1.4044140590479188)
(0.14813878602117778,6.7504265888680965)
(0.1,10.616367255256904)
(0.995257561189942,1.0621564297024202)
(0.8291426510412484,1.3773496221379478)
(0.269928728309483,3.8743595437488283)
(0.1,10.0)
(0.1,10.132282183311347)
(0.35663523082013204,2.8039854551115484)
(0.3573893873485743,2.7980685364466775)
(0.35808762132247124,2.792612591038054)
(1.0,1.0)
(0.15567253710835546,6.622352438258501)
(0.39873994261895956,2.5657953990249243)
(0.8027125438055969,1.3502931924523607)
(0.49722769921951027,2.4442701698998186)
(0.5567105519218947,2.0905193841397356)
(0.2727606777298024,3.666217609968704)
(0.12312948011392899,8.121531895324516)
(0.5734664750504023,1.8386890584163291)
(0.21742175785324264,4.599355694083705)
(0.16339023526383634,6.120316788731212)
(0.6142562912032113,1.7993589130992722)
(0.6947854559985571,1.439293225507698)
(0.9423007434007624,1.06123231569467)
(0.8079791178026465,1.2376557487272284)
(0.21991358651415494,4.586266977753381)
(0.46178361414084645,2.271104998828122)
(1.0,1.0)
(0.831149215441236,1.203153394627372)
(0.6904973599347053,1.4482314604281208)
(0.22523197269988998,4.439866986968358)
(0.8960839673247829,1.1350239302727911)
(0.15184271825581422,6.585761974540448)
(0.2743702168891167,3.6447104621568216)
(0.3424224603359173,3.010217709765189)
(0.9181705356281847,1.1101607448105442)
(0.9978237716074934,1.1817504489512474)
(0.4869117619519344,2.269559309876363)
(0.1,10.407985997272359)
(0.8250334043962334,1.2120721351056187)
(0.8160858270197988,1.2253613123656653)
(0.3629125773633927,2.7554845502052605)
(0.2897875298408397,3.4508041134455683)
(0.5910811614923839,1.6918150419058569)
(0.2752769216968036,3.632705545513994)
(0.8481163961785055,1.2319769045184699)
(1.0,1.0)
(0.28369437637060724,3.8335454886600724)
(0.7583071953355539,1.7182095088689584)
(1.0,1.0265329392357951)
(0.5282376369403644,1.908266811817197)
(0.1,10.0)
(0.7760605690364736,1.2885592180537673)
(0.894809496100047,1.1175563115483431)
(0.7009196565955953,1.5519263704949318)
(0.1,11.674032768737321)
(0.5953110755045964,1.7961740364464647)
(0.21708305957344712,4.606531720922533)
(0.1,10.0)
(0.8616448375740691,1.338540644932576)
(0.7088868518504975,1.4106623608402002)
(0.1145829298071809,9.754896632330556)
(0.16838798060545893,5.9386661470989885)
(0.5964383267900519,1.6766192833077325)
(0.4028681164517625,2.7546936320218003)
(0.5893703587361434,1.6967259808321855)
(0.2975712063060017,3.7416970725604823)
(0.19048261916784745,5.249822815166304)
(0.9603782493538352,1.0412564014989127)
(0.5167969884648114,1.934995795874476)
(0.47706659960040615,2.224821986440564)
(0.41113382935758763,2.4322980221854724)
(0.1,10.402335705552368)
(0.1985287126808064,5.396093047107971)
(0.39070452868236594,2.642747241151602)
(1.0,1.1625743335747003)
(0.1530906576198847,7.340081189398906)
(0.7192543518787828,1.390328744466925)
(0.8485298417339077,1.1927311162636838)
(0.1437816550360596,7.798751712414012)
(0.6211811379223419,1.6099559537709132)
(0.1097002698944244,9.115747855154783)
(0.33816611196778934,2.9571265854552893)
(0.5932373739662564,1.6856658799397901)
(0.8197909957138098,1.3395483989799584)
(0.1,10.897368335642867)
(0.82666040536471,1.3350882992351745)
(1.0,1.0)
(0.8669974607777725,1.236648393452425)
(1.0,1.022906468187975)
(0.5471554045177935,1.8276343279132865)
(0.6004105303422759,1.6655270843266694)
(0.5516092522640375,1.8128774959730596)
(0.5664346766710637,1.7654286384389448)
(0.23399321061155387,5.2018283719169665)
(0.5070584261663005,1.9721593181296013)
(0.1,10.148777052823307)
(0.608692067458153,1.6428668179888004)
(0.5868418795436499,1.70521544074474)
(0.47892898697001124,2.4093872072774807)
(0.8998623211294828,1.3233088450588097)
(0.994449155592025,1.038739208963951)
(0.5209507235121695,1.91956735035927)
(0.8358743564569023,1.1963520501320224)
(0.21455655517578678,4.660775799558756)
(0.5319113695346879,2.116341328815362)
(0.14167581604193194,7.1851621374950865)
(0.12947380657206228,8.682542121084937)
(0.19644888911232355,5.2809824707636315)
(0.7996681571175877,1.2505187196705576)
(0.4901936433089042,2.12771010437832)
(0.47291146823519264,2.114560688772874)
(0.32244654701348274,3.1012892191343147)
(0.41507102439048743,2.4092262317478164)
(0.6712226321763919,1.4898186563786904)
(0.8559599725772867,1.1682789289655802)
(0.6899102150673229,1.4494639710508097)
(0.4824310809894509,2.0728349383066935)
(0.6595488008586684,1.5679851788400712)
(0.1,10.0)
(0.4339669872421816,2.332771585833376)
(0.3868652082911549,2.836317298536154)
(0.2101320589927025,5.182341727708544)
(0.9036683618753728,1.1538401558636358)
(0.8346857212092733,1.2164344763862087)
(1.0,1.1009386426884407)
(0.42591394724884696,2.679546836131729)
(0.1,10.091998282375231)
(0.2324334796877714,4.302306196780701)
(0.11082906189497249,9.246790771295007)
(0.9773575744624099,1.1285801994331306)
(0.40939834008469667,2.4702809898639964)
(0.1,10.577170674582685)
(0.298205207322166,3.6703993247033577)
(0.7120731540202296,1.4376946852744008)
(0.6884509756169592,1.7651779041671927)
(0.26242981991948966,3.810542568320887)
(0.3252490091498096,3.1083035156905305)
(0.4521586470139644,2.211613128719213)
(0.291134366759185,3.4348401088187606)
(0.20924872783493867,5.048540294415979)
(0.9029881362178174,1.107434261748464)
(0.27985419307466997,3.6876459282875373)
(0.2587520858658799,4.138125240983726)
(0.17779714367615468,5.624387317613108)
(0.1,10.0)
(0.1,10.46334828165745)
(0.24807934473944276,4.030968402670919)
(0.5888569736043893,1.698205243081367)
(0.7394225036389174,1.3524067702547644)
(0.6734805487003708,1.4848238778829181)
(0.7810379616444081,1.3825419143227107)
(1.0,1.1894841269461993)
(1.0,1.0619978280233633)
(0.5835193553653624,1.8052683255601156)
(0.4149254395437877,2.644440638873502)
(0.1,10.613893282225737)
(0.49522170516654274,2.0192975985648705)
(0.4650835236185997,2.150151422736851)
(0.8957776794477376,1.1163484232120153)
(1.0,1.0)
(0.7557755609202578,1.3231441339309336)
(0.1,10.0)
(0.7467595183369218,1.3391191882321902)
(0.7900874440688868,1.2656826880453642)
(1.0,1.045621957910558)
(0.32449258482814064,3.0817345195411012)
(0.47970301520205855,2.0846231278716982)
(0.20913983682123247,4.781489816570791)
(1.0,1.1420331540044886)
(0.9335108622838366,1.071224814196053)
(0.10592708593758196,10.204641767397659)
(0.9959385794282702,1.0040779829756783)
(0.1,10.0)
(0.5369007530604653,1.8625416230090126)
(0.7633927162817782,1.3099417621779967)
(0.3506054957923038,2.9124632255149687)
(1.0,1.272268087834914)
(0.264613357043989,3.7790987241576066)
(1.0,1.0)
(0.4677035593815295,2.138106456410885)
(0.1,10.0)
(1.0,1.0)
(0.8037868044700869,1.2441109936599055)
(0.1,11.433566222692676)
(0.34413719589149483,3.57227433686147)
(0.857242265240391,1.2011480131639267)
(0.4974742157807491,2.171331516209105)
(0.18104442298930865,5.52350623945513)
(0.49784012460225513,2.0086769839995138)
(0.8253953383505597,1.2240876400590481)
(0.3624039463328822,3.2217790575129572)
(0.36127805609080177,2.8291940743315793)
(1.0,1.0)
(0.7436833423295028,1.4124794760115933)
(0.5176744670577053,1.9317159018556151)
(0.6562002407632143,1.5239250732930525)
(1.0,1.056237870218751)
(0.8389744639960339,1.1919313911379397)
(0.7356319486122384,1.359375434803354)
(0.8362163136563959,1.195862821220806)
(0.44718097219696956,2.4506067466730053)
(0.18820526175672425,5.31334772825113)
(0.6279247790157356,1.997652784359145)
(0.8229457057778823,1.2476009981693996)
(0.8289169679040977,1.2063934491876585)
(0.5838140660957158,1.9519698496831315)
(0.4837603909522792,2.073823318203061)
(0.47834035275476,2.090561656027982)
(0.7374009548343842,1.5879176934519736)
(1.0,1.1788237737884903)
(0.7397880882156455,1.351738445007922)
(0.17678602383640984,5.698701837681996)
(1.0,1.2722714063322433)
(0.5427054715490592,2.21583615460516)
(0.1893580160294669,5.281001675917355)
(0.3763638567818598,2.6570032748378365)
(0.8246566526977971,1.276411335584791)
(1.0,1.0833294069377641)
(0.690760569591803,1.5948292202919003)
(1.0,1.0)
(0.7540173717963592,1.3538572527588115)
(0.3462858771776865,2.9898483953490915)
(0.7687791348983801,1.300763710414934)
(1.0,1.0)
(0.6926446889198112,1.4462381625843113)
(0.44852863396450426,2.2764011115469724)
(0.5428694440981426,2.049929931304588)
(0.6426008117311558,1.556176061007481)
(0.15324766102314794,7.273592468993038)
(0.945538115257833,1.0575988253284914)
(0.8027242158486005,1.4194133626237393)
(1.0,1.0311593431944448)
(0.5152254175433111,1.9408980340453363)
(0.8765484833887327,1.2047446458500304)
(0.2719047463347038,3.6777585293382127)
(0.2902052129359594,3.4458374812883648)
(0.40920666572515485,2.4437529584907924)
(0.34303695649491245,3.1357413904486817)
(1.0,1.107615437712988)
(0.19471329957808395,5.135756017523497)
(1.0,1.0)
(0.16125522466709452,6.787575848973888)
(0.1776196167154159,5.630008770946798)
(0.9014225563672651,1.1093576402503198)
(0.9734363332078806,1.2014235585242237)
(0.7171937679934082,1.3943233260348007)
(0.5997420067956073,1.6673836227396375)
(0.4320579069883554,2.6074544381761524)
(0.8509862292983773,1.2394166902155033)
(0.1,10.0)
(0.7679559454046625,1.3345533506234903)
(0.9737383415881429,1.0950658674440068)
(0.919798548155831,1.1272790076536052)
(0.15512976459521777,6.735531566971662)
(0.37356093115354905,3.0673046622906353)
(0.411914962078829,2.427685546922736)
(0.5120162082625528,1.9530631723424228)
(0.1,10.0)
(0.1,10.0)
(0.9997324418260497,1.1338181063078772)
(0.9179048391451439,1.1614701034359303)
(0.43126809245424,2.4812810681622484)
(0.6656110102261219,1.7639929559264713)
(0.959381316706972,1.1550633286629133)
(0.7876302517329935,1.5147224708102056)
(0.5672459615654935,1.9313787860352243)
(0.36245298609337556,3.1339450975191143)
(0.5496649094787605,2.102150514844624)
(0.6899484217806111,1.4493837052619256)
(0.5186381319394774,2.015034629698663)
(0.1936931089167972,5.162806284603341)
(0.5221795096460016,2.121784281476471)
(0.1250907962785793,7.994193256016879)
(0.11137605538585975,8.978590564511585)
(0.25452633087064636,4.492967914772168)
(0.7829118470952012,1.2772830092049956)
(0.3721423611890327,2.6871436963126105)
(0.6935124277829561,1.4419352270251793)
(0.1,10.0)
(0.6540385377578004,1.5289618917995837)
(0.19122897197749755,5.229333137437317)
(0.6792050798892814,1.4723093651817387)
(0.6323789537271745,1.6625121400068283)
(0.902574937518903,1.1079412450216153)
(0.1,11.417965084194584)
(0.6835729894775455,1.4654143939592261)
(0.6744039485069139,1.5236720923104785)
(0.6158862685326529,1.7067176059391016)
(0.830333563630326,1.2043352741612303)
(0.8139862210279375,1.2437158662448318)
(0.3321880327022203,3.061701657418522)
(0.7410409816447782,1.3494530326520526)
(0.2646090942340482,3.779159604830114)
(0.1,10.0)
(0.5801936369746159,1.7235625078800219)
(0.4796638291210277,2.084793430916973)
(0.5908182052809821,2.1490049686715684)
(0.610556570286992,1.6845976203470776)
(0.48491300851197844,2.062225558907228)
(0.23755924792224592,4.209476199079835)
(0.5541981830280331,1.8044086585347334)
(0.7930977725317349,1.5370056115137403)
(0.6911687492055032,1.4468246736408403)
(0.1,10.682326352735561)
(0.7579192960801548,1.319401689826147)
(0.9098096798878713,1.1782900122507867)
(0.41141157239484416,3.039923156558045)
(1.0,1.0136894619285601)
(0.4493051187144488,2.2256590418137203)
(0.10463822732010147,9.643634296634657)
(0.425719490224923,2.348964571651779)
(1.0,1.0065343811041187)
(0.7495111133461089,1.3342030320746165)
(0.7125869632786201,1.4033374893626869)
(0.49029605704585855,2.0395840138409835)
(0.33534260020613427,2.9820249481733083)
(0.7636567473839249,1.355380025848038)
(1.0,1.0)
(0.3627206931486404,3.013408596334416)
(0.5412137401109749,1.8476988403785755)
(1.0,1.0)
(0.1,11.641727979463063)
(0.6778464043844232,1.4752604624467043)
(0.48876992958227056,2.0459523785652167)
(0.8155733860279178,1.2261312312682173)
(0.7955618215182788,1.2569733400373135)
(0.7855729687034102,1.5045431814579073)
(0.5726736414790381,1.7461952630075843)
(0.31293770705755974,3.1955241488877735)
(0.777394191403167,1.3555690485194383)
(0.1,10.5906323411368)
(0.25514652338131205,3.919316582282085)
(0.1,11.362322205826864)
(0.8357420358219907,1.1965414651142372)
(0.877288635307523,1.169906521171707)
(0.2907393367050262,3.473942901035018)
(0.6302818769849662,1.5872644011047752)
(0.40112199287134365,2.652729476303289)
(0.9208100678274928,1.0860002892446035)
(0.5869833818553841,1.703625742928394)
(0.5519514281915912,1.948794708671536)
(0.49714269429730223,2.4960663636215967)
(0.1,10.381014843020504)
(0.24006127771614572,4.302653071081517)
(0.8212501744793108,1.217655753478555)
(0.6755343820704888,1.6927276799923405)
(0.7392528384170366,1.3527171598573795)
(0.9790693188487473,1.1384510784633142)
(0.9286083337589642,1.1759023077654445)
(0.5854434842267191,1.8821083991737446)
(1.0,1.0)
(0.19064738253960994,5.25073320287023)
(0.3312836833134357,3.018560980722601)
(0.9123026396720756,1.096127487211313)
(0.8190208720096196,1.3556856423991739)
(0.5205490493612388,1.921048556763462)
(0.8633223555451448,1.2656234685438956)
(0.6828909163640082,1.6160488748979)
(0.7160377286548745,1.396574454084379)
(0.6591568608592246,1.5170895721186597)
(0.38884911866450494,2.5716915687876094)
(0.8967656612529025,1.2104194225058749)
(0.17954718749638243,5.83787568718124)
(0.1,11.14110903587013)
(1.0,1.0)
(0.5117230718025629,1.9541819689260131)
(0.8948473581617874,1.1755534009715018)
(1.0,1.11652554643437)
(1.0,1.0)
(0.7863984295336445,1.5165239655413774)
(0.5809350062964135,1.7213629565469237)
(0.4297244216333754,2.3270727695647753)
(0.5827867496166181,1.7562909521121293)
(0.45199889578310504,2.342843353945126)
(0.6353085818392892,1.6290750834396555)
(0.1453334257654014,7.287677166735896)
(0.2904183502302129,4.106649693871532)
(0.6818740442365285,1.4665465102424693)
(0.36851139618166023,2.713620285183916)
(0.6210127958763165,1.6102727780172248)
(0.39733690515543324,2.5167558991501493)
(0.8819102600497094,1.1339022180597313)
(0.15379033898675415,6.502359033658995)
(0.6784664540019508,1.5147348602850546)
(0.8026980587190999,1.3448488638476153)
(0.6474028516338591,1.5446332951365394)
(0.8161691543224207,1.2252362083325665)
(1.0,1.2004561016409754)
(0.7256309185962615,1.378111067723668)
(0.6917336700510892,1.6419917863402884)
(0.4263880768573914,2.3678485492747976)
(0.29725113085903676,3.6286783197368555)
(1.0,1.0833664242145555)
(0.6785584623231645,1.4737123704512116)
(0.39767095526878393,2.570009896043921)
(0.1,10.0)
(0.7855782203587879,1.2729477142878043)
(0.4604606349393675,2.171738307513905)
(0.9458455241310694,1.0660548535054197)
(1.0,1.0)
(0.5640228172857246,1.7729779174756624)
(0.56979961595084,1.9159235059383182)
(0.6563304101179094,1.6570338870830186)
(0.19223162488793727,5.379508071208872)
(0.5752964241549912,1.7382343397472415)
(0.8400231635183759,1.258268028026043)
(0.2740485230413156,3.648988831985932)
(0.7481345366132562,1.5608983804229664)
(0.2137942623098386,4.863779271366288)
(0.571286940391619,1.7504338525829015)
(0.6012977467057232,1.6630695948531515)
(0.1,10.0)
(0.22580597657672458,4.428580745116899)
(0.8955257189949835,1.1607191417933824)
(0.8907284726882446,1.1827465177279195)
(0.1,10.532646735439851)
(0.40961204750748725,2.918966695960784)
(0.1,10.0)
(0.25391386057795495,3.9383434906775663)
(0.8378725559235219,1.1934989312280047)
(0.24684326064637147,4.0511537458282225)
(0.2946693412193298,3.3936343559260034)
(0.4752013785360953,2.1624774095155987)
(0.8952383010943529,1.2008155724733947)
(0.8288733760440655,1.2064568954701675)
(0.8152570522526775,1.22660699130029)
(0.22988452174666396,4.489454455952109)
(0.5467702127909474,1.828921869930652)
(0.659473967160295,1.6008749421657875)
(0.21032983828559118,5.1265726393293845)
(0.1277659365206648,9.915232644605606)
(0.4878293113897667,2.216677587008981)
(0.1876223210862765,5.587665544893222)
(0.665379966955729,1.6364641115115912)
(0.8922029476164938,1.1208212242197635)
(0.8240681474312115,1.3687730139304466)
(0.7605817335944391,1.3498474371070566)
(0.4099626693408786,2.610089426025325)
(0.34357148071075627,2.910602468898964)
(0.486088830030488,2.1548686091749913)
(0.39270552680445225,2.5464372965088167)
(0.870348805583407,1.2825247906606054)
(0.8163254411596333,1.234494367708414)
(0.9775834809963118,1.0372156310638792)
(0.2591328241551568,4.168690575562182)
(0.45574383365725724,2.500115075607446)
(0.420743047857411,2.376747530570958)
(0.7922564386077469,1.5088062779824611)
(0.368048698241698,2.7170317536167423)
(0.5656009834007228,1.7680308722014892)
(0.1,10.0)
(0.14909284418007945,6.707230018311044)
(0.6741468928715111,1.48335623967727)
(0.5412934768965094,1.847426659810259)
(0.8082178097492874,1.237290230352885)
(0.5856301389051096,1.7075623906064563)
(0.8513872419431113,1.1745536587061272)
(0.7880452679999141,1.2689626352785979)
(0.24652763387138887,4.056340395988592)
(0.8029425689390858,1.2454190856031992)
(0.47106065837793165,2.122868853967636)
(0.25877360995964865,4.508925950874149)
(0.1,10.0)
(1.0,1.0)
(0.7807502420396129,1.280819327558099)
(0.4890296520382774,2.122678247858718)
(0.7608655095077009,1.3142927199407752)
(0.1,10.0)
(0.7961492286017333,1.3000993076573926)
(0.1,10.0)
(0.23786048626935402,4.20414510911071)
(0.5141190259143784,2.024737671886428)
(0.6439585834322723,1.5528948999639727)
(0.7914123667050873,1.290578597400849)
(1.0,1.170341296477877)
(0.1,11.764749480605774)
(0.6331768298021903,1.9306811340534147)
(0.28354278943474,3.5268045503592655)
(0.2806903853267416,3.5626442951935666)
(0.5768861917626941,1.8319799917871535)
(0.6117320521047392,1.7544196849151545)
(0.995070873460115,1.1625077956348324)
(0.9109314697866583,1.1100570663132312)
(0.1,10.0)
(0.7673751876896793,1.3213618619959182)
(0.1,10.0)
(0.3460483910552361,2.8897692514928655)
(0.7024552634497405,1.4541262533816548)
(0.4917203252100135,2.0336763577403487)
(0.41698234838070847,2.74867026364226)
(0.48733766448174376,2.05196534740126)
(0.22809689278632952,4.6231235287402574)
(0.1,10.088832898286006)
(0.6713769796976083,1.8269553861781227)
(0.1,10.0)
(0.9514840285451062,1.0509897906842205)
(0.507747487539682,2.181852863285115)
(0.6259941731292488,1.597458958764989)
(0.7111635650105836,1.5749850699527335)
(0.43742142435589115,2.2861248771079588)
(0.9425365289860083,1.1975544013929942)
(0.5786926460935585,1.8166516515913436)
(0.7735175201415005,1.3341243649424)
(0.8076802312087915,1.2381137501698891)
(0.830662152038457,1.2038588703553972)
(0.1,11.176534157115677)
(0.5827911247624162,1.7906685963109907)
(0.4496807169958259,2.5238979881819503)
(0.47068005174767796,2.1245854722053945)
(0.7172710169052421,1.5506163126953607)
(0.4185736769505643,2.8693859464745066)
(0.6213932454405768,1.6092868844929036)
(0.8973321871329067,1.1441220458857753)
(0.2606581859909865,3.8364419525062594)
(1.0,1.0)
(0.855214691851024,1.1692970309427253)
(0.7228375465165547,1.3834367138496417)
(0.7292837499187546,1.37120839469055)
(0.2116718135162946,4.72429457369873)
(0.8160666177914395,1.302488524508071)
(0.35014213414198586,2.9246071441427373)
(0.5621310780030608,1.7789445186920532)
(0.6321250926833567,1.7708355334310732)
(0.28145780282488425,3.6187951804985947)
(0.1419893605468286,7.636425931681745)
(0.47148165146371057,2.51876023741599)
(0.520024894318295,1.9229848626975992)
(0.9412148304042149,1.1905932415817468)
(0.13673224257056088,7.833672697414156)
(0.3919895285947709,2.5510885548011037)
(0.14429780473644213,7.510703562757769)
(0.31388235202877707,3.288392647113328)
(0.1,10.0)
(0.25765012679602917,3.95237561393687)
(0.1,10.118416380617393)
(0.6979455684699019,1.4327764874161872)
(0.6539287794275053,1.5292185196000543)
(0.9111610823835727,1.1455833525205588)
(0.4368624288570914,2.3274816404052916)
(0.1,10.0)
(0.5728162585112619,1.869839555118175)
(1.0,1.0124679518865076)
(0.3608276459847573,2.771406268693291)
(0.8122714052912737,1.2311156018614349)
(0.18512780387457806,5.401673757646304)
(0.16803718511928628,6.183961771992282)
(0.6433077244743446,1.5858701208586712)
(0.29487152377040976,3.391307465751122)
(0.43985037351178025,2.27350039972904)
(0.9192462653852408,1.2011358524356803)
(0.30002059762289907,3.3331044865690083)
(0.7052195232213044,1.458838227712032)
(0.8309565717944383,1.2034323260005213)
(0.158633809931706,7.452569316805654)
(0.6493003162254387,1.60719502597377)
(0.9641828395112293,1.03714768508733)
(0.1,10.411700606915497)
(0.5015146291325876,2.1621216888200054)
(0.1,10.152078743206465)
(0.4231080771507481,2.363462325593261)
(0.1,11.446679099212615)
(0.1,10.0)
(0.34876671112823915,2.867246122099958)
(0.8657033321814819,1.1551301269455723)
(0.4910289346280408,2.036539864514318)
(0.5716843026985413,1.8642239120002213)
(0.20454519406211025,4.888895114770331)
(1.0,1.210967015557892)
(0.5209601186137091,2.1283097716335493)
(0.17959447442470547,5.568100038730576)
(0.6281845786791387,1.6114663091611774)
(0.8000313785379949,1.2499509729573792)
(0.8563739933558446,1.370490425164669)
(0.4894679273268262,2.043034781586992)
(0.13966677316702392,7.9233364343545505)
(0.31992524296219627,3.1257302197881405)
(0.3259649870249716,3.225919098188366)
(0.47142025740031374,2.2192125463258443)
(0.18955306169602043,5.27556764872342)
(0.7136045507282344,1.4013363549594782)
(0.27058868324052765,4.144493812348101)
(0.5068097575666282,2.178376220894481)
(0.4962071643359334,2.015287307143751)
(1.0,1.0230777365173538)
(0.1,11.275659069469244)
(0.850628288503589,1.3129421882881012)
(0.11904278324675058,8.92974894508441)
(0.1,11.734261200173282)
(0.8144360787863876,1.3290036556345979)
(0.5027671908474113,1.9889921582084655)
(0.619502909938329,1.614197421767638)
(0.224579907152796,4.853357315502686)
(0.9673239758456317,1.0762430447556872)
(0.8512778593178253,1.1747045797729943)
(0.5395141491474021,1.8535195074685378)
(0.5311578549042144,1.8826794911662064)
(0.2656030961656144,3.765016351226791)
(0.7836648535115623,1.276055695899913)
(1.0,1.0)
(0.9612865326929176,1.046916109318024)
(0.53377670314731,1.8734425727156985)
(0.3929036450751525,2.5451532774879837)
(0.38101840221164013,3.069798026828804)
(0.3587267910812194,2.942613059748265)
(0.37725146560247247,3.1218138357598937)
(0.1,10.0)
(0.16060814070555357,6.8439327151562726)
(0.307418541189874,3.252894233800817)
(0.1388015185100995,7.2045321314495405)
(0.5120556624869737,1.9562149980838008)
(0.2602145574204294,4.24230709705234)
(0.8051487337730251,1.3236624523520317)
(0.6871465788945166,1.468580607704195)
(0.34782082164211003,2.8750435217732573)
(0.5270167554258877,1.8974728786220274)
(0.5909221679050497,1.7270982637991816)
(0.7734167704835878,1.2929639466891032)
(0.712811533715828,1.4028953695334896)
(0.57249448376366,2.0356461989045034)
(0.41649902052741894,2.8025939961757214)
(1.0,1.0878951458548172)
(0.1,10.0)
(0.2579735689644914,4.217719786156359)
(0.45435391354487487,2.200927449260836)
(0.9679432654366331,1.033118402398209)
(0.7146767210154521,1.652030585995524)
(0.2521207989421003,4.15298143321669)
(0.21424576412808033,4.7422438296041145)
(0.3893131983477588,2.5686259912173277)
(0.3535721088850764,2.828277386339418)
(0.36932355637993,2.707652904141542)
(0.1,12.592029905494021)
(0.5478489192729995,1.8253207496092336)
(0.8193000932090189,1.2205539927173927)
(0.4978912128224389,2.0084708752564917)
(0.6192579186118904,1.6868222289409536)
(0.24730446722307417,4.061281871302759)
(0.7281327942511694,1.4263654220196775)
(1.0,1.0)
(1.0,1.0)
(0.7992301845367378,1.2512039952290284)
(0.6241284424100866,1.6022343031483657)
(0.4061714786393768,2.6464870189053533)
(0.9555440538858988,1.1746922355105562)
(0.13650198658317586,7.3259007068784445)
(0.9128750588765964,1.1856304994727298)
(1.0,1.1283895302600826)
(0.5271895033598161,1.8968511201890954)
(0.6033478495803715,1.7759458324859225)
(1.0,1.0)
(0.735176780435019,1.4237159677865738)
(0.3323757490350368,3.4552539269352534)
(0.1,10.0)
(0.6137506589475713,1.6293261529278837)
(0.2416233539914932,4.185649736199378)
(0.7987022742468848,1.4180605220176854)
(0.6394467316146759,1.632937222483982)
(0.2676661966782625,3.735996597291701)
(0.9503558592458492,1.052237422720312)
(0.6555880995676822,1.5253480053396868)
(0.31815371486705707,3.1503208877982942)
(0.44446873661572994,2.273529277217813)
(1.0,1.015270140354181)
(1.0,1.1053637609419948)
(0.1,10.0)
(0.17071675491125904,6.0619561306534955)
(0.8420524524745523,1.1875744759857714)
(0.6582884191269286,1.6233585056099031)
(0.7700566625621201,1.2986057372360316)
(0.5785683558663725,1.9666471790517255)
(0.5651775110576093,1.8228272111613428)
(0.15586863337291973,6.415658996685203)
(0.44147804515530154,2.271637242432)
(0.9994335632294568,1.1383018850424853)
(0.42180543227951495,2.5358200843882153)
(0.8508704711990503,1.1752670163659524)
(0.5972064236173762,1.674462900018452)
(0.7521779416585599,1.3693701658180149)
(0.4825894458524149,2.087579878766753)
(1.0,1.1967991583357094)
(0.6338246941918771,1.6511275563903935)
(0.931452813809921,1.099454926914327)
(1.0,1.0)
(0.821700904081189,1.2169878297970012)
(0.8311391728210046,1.203167932280051)
(0.829239078376167,1.2059248364877118)
(0.1,10.074411166718313)
(0.8181908054518927,1.2222087969415554)
(0.4048340389444084,2.470148020674021)
(0.8423704408591846,1.2206267994567797)
(0.9377993199947235,1.0663262157255844)
(0.8021581213008229,1.252831744013187)
(0.39949644221259073,2.9457658206530595)
(0.5180254796596133,1.9795634527321102)
(0.7487231970487161,1.335607076075318)
(0.7269789416685227,1.4982778325973405)
(0.35533322420256597,2.814259776141639)
(0.35534159737383886,2.8141934617014317)
(0.5347923136863021,1.8698847653718877)
(0.8115464368032621,1.3795324767543566)
(0.4325915712460036,2.417271444728704)
(0.25175342759266117,4.065553227087695)
(0.248645263616172,4.111363414578034)
(0.126424205882381,7.909877645823236)
(0.45863867961887844,2.180365600282524)
(0.6651455374782349,1.5034303677226766)
(0.8169376757806709,1.224083586357299)
(0.7307560122570266,1.4413013952005655)
(0.5619595154291029,1.9557178548566745)
(0.8115801506847089,1.2321641912463313)
(0.37443648112383077,2.7307936087564557)
(0.7295205413139053,1.5424061388391501)
(0.905776679805835,1.1040248907869465)
(0.5373702529705818,2.056766091286724)
(0.66639781963216,1.6167591610328025)
(1.0,1.0421134807362178)
(0.4967395017621354,2.013127597971566)
(0.40384141414118113,2.5806427823336002)
(0.7398207930697239,1.4264447918273326)
(0.5156319140408345,1.93936793431449)
(0.2771968983681103,3.713212518317871)
(0.48921470629307834,2.044092271013866)
(0.40298278260194004,2.7404852259388996)
(1.0,1.0)
(0.925044829971134,1.0810286892054788)
(0.8496607106762999,1.1769403803596323)
(0.193817341172969,5.566562891573165)
(0.5479310007637385,1.8608784026494587)
(0.7264704610031094,1.4206725836841207)
(0.822814750357395,1.2387243184310972)
(0.3445725567680456,3.332818438059112)
(0.47286257454958064,2.2258954554587564)
(0.9488089760188249,1.189921611976843)
(0.1,10.001635324283281)
(0.9334089027994099,1.0713418277893805)
(0.1928897951717607,5.816515439473518)
(0.679931557381902,1.5293296048803664)
(0.5762033400868671,1.8030798810148412)
(0.4785302410404623,2.398146759531332)
(0.1,10.0)
(1.0,1.0)
(0.6023265636105274,1.8862017113229825)
(1.0,1.0)
(0.8241178748828021,1.2134186509935974)
(0.3886498654615814,2.9372101768161913)
(0.5557755847704559,1.983510678873601)
(0.7534498794845236,1.333882715196637)
(0.8133100128137578,1.2598689041220952)
(0.5678257514181417,1.849615592766618)
(0.5396031792834645,1.8532136918242281)
(0.6893527248790504,1.5778314221146545)
(0.19496411082902887,5.129149132872647)
(0.8400791812320381,1.364939111238109)
(0.4853488436274,2.3194702706962644)
(0.28438505175802953,3.516359224291631)
(1.0,1.0391061339191299)
(0.4604655400535562,2.2084005058416065)
(0.7960286921581557,1.2562361254703607)
(1.0,1.0)
(0.9709195733470009,1.0299514269268994)
(1.0,1.0)
(0.7189448575505224,1.5380374753029495)
(0.2959188390826372,3.5438803091682876)
(0.6501070218350631,1.7060367597556392)
(0.6749630351927094,1.4815626158171595)
(0.7738781725740013,1.3175180527360915)
(0.38914624311753815,2.838711154868673)
(0.3351874276288528,3.5768085724462364)
(0.19180183166510412,5.213714547554747)
(0.1,10.349046407429212)
(0.4938238262063802,2.02501367275478)
(0.23042389754611298,4.339827642225684)
(0.5951443184147407,1.6802647174111571)
(0.847611546228106,1.1797857219501395)
(0.6660117412108932,1.501475031328838)
(1.0,1.0)
(0.8533021379353198,1.2237294129305663)
(0.574367206598849,1.741046474295707)
(0.1,10.0)
(0.5382225061014473,2.1220110057617516)
(1.0,1.0)
(0.7204241485049572,1.5551204144815303)
(0.6633055312135127,1.5688017207686498)
(0.8316617857885451,1.2024118663235728)
(0.6695981706011653,1.4951299599326486)
(0.3197586633681746,3.1273585818332807)
(0.1,10.0)
(0.9108442647711803,1.0978825235851017)
(0.4838730833794978,2.0666576305830757)
(0.8658642786241062,1.154915411903862)
(0.38853884312788994,2.573745245004613)
(0.216830285485187,4.611901874142559)
(0.6515512357691446,1.6787734908863943)
(0.16808356135669286,5.949421775267385)
(0.5112297016954204,1.9560678823699849)
(0.3183042377342627,3.141648402541386)
(1.0,1.0971933414273276)
(0.5419571950934422,1.8451641735793982)
(0.1,10.0)
(0.6097727609390667,1.6399551834030315)
(0.1,10.0)
(0.9096397778754328,1.1252635026457678)
(0.5608060371035917,2.0994595513073016)
(0.1,11.735669908302537)
(0.9208940325974655,1.0859012705071058)
(0.8404657922373211,1.238623363052366)
(0.6038776319816032,1.6559646309775298)
(0.7959229898894509,1.4587350431145798)
(0.47076652742440683,2.124195204512654)
(0.1,10.0)
(0.23622260086985436,4.5851279888375265)
(0.6077023579521679,1.6681325295088016)
(0.5781606466707785,1.7671227277770571)
(0.29677762190892126,3.3695262923391582)
(1.0,1.0258953571097935)
(0.8038302197587255,1.2440437985774608)
(0.5983259887341656,1.7013728508640014)
(0.8203406217313941,1.2190058294192727)
(0.6078937253861858,1.7445022173834188)
(0.6199823110443302,1.612949244173674)
(0.1,11.36959782005651)
(0.30251752798673864,3.319570352505693)
(0.7141536170924693,1.4501530034557617)
(0.4626009403232473,2.1879481303500175)
(0.8881511825153986,1.1259344351350478)
(0.1,11.258166172780143)
(0.6550620270018139,1.5332897275217294)
(1.0,1.0)
(0.6843312282473616,1.6167052997323357)
(0.7138240656742059,1.4009054164565065)
(1.0,1.0)
(0.4534894713619014,2.2051228598468673)
(0.8054103920436021,1.2416030509150215)
(1.0,1.0)
(0.388811136542641,2.83361360515597)
(0.43752982947622265,2.581327442730814)
(0.6808203565123769,1.8414386037647439)
(0.5880052340980123,2.0029536187954946)
(0.1580532245153726,6.32698259125196)
(1.0,1.0)
(0.2339261618160548,4.2748531940020404)
(0.8308486131068733,1.2035886974169727)
(0.4842148755637773,2.065198841393891)
(0.1,10.094329097832398)
(0.3621510757407865,3.16381018779808)
(0.16812919331397577,6.44714699264147)
(0.84262699229883,1.2953278153580345)
(0.35023332155067016,2.875781330980714)
(0.1,10.534358727476402)
(0.7651918863685674,1.3068617399300722)
(0.37376837086187087,2.675453778215916)
(0.33834930639585603,3.3343925552989346)
(0.2730893622818564,3.8934764821068133)
(0.7246180353103943,1.5826291378218778)
(0.1,10.221582800850463)
(0.6470424949123019,1.5454935461936496)
(0.1,10.0)
(0.4095372714523877,2.4417801985484457)
(0.5328833347189693,1.9016689584967965)
(1.0,1.0)
(0.37518320443754627,2.6653645157147805)
(0.4947320083813418,2.021296344402271)
(0.6186494531810085,2.0068988842339177)
(0.342278194456251,3.064796925625983)
(0.6528289562700761,1.5771969233972887)
(0.2237221996546914,4.469829107453219)
(0.3643497391603813,2.9057810529718937)
(0.9714485214532348,1.0293906243267053)
(0.41447648825756894,2.7333692210780884)
(0.8166196865573715,1.340775153847245)
(0.5141332738059772,1.9450209720862737)
(0.8297881989406475,1.3515619742329488)
(0.267355484807685,3.7403384513294093)
(0.7961403546893298,1.256059932284453)
(0.46579224855126916,2.4636562664794663)
(1.0,1.0593561329577594)
(0.7388924103975879,1.3533770085172667)
(0.3461083706758583,3.0852865669868668)
(0.9224380031378056,1.0840836962466378)
(1.0,1.0)
(0.17967127600696756,5.565719920424122)
(0.7559275482365334,1.45070433080858)
(0.5145136915575538,1.9435828752637567)
(0.7068721338081603,1.43607428915284)
(0.17310814068303973,6.196909532325936)
(1.0,1.0704945758405668)
(1.0,1.0)
(1.0,1.1336456527310455)
(0.22498168002311777,4.803370250180279)
(0.8075119005839605,1.238371842293395)
(0.7219365465241527,1.3851632872925135)
(0.8591869698397554,1.397891171780148)
(0.6245245200995069,1.6012181552786235)
(0.1,10.0)
(1.0,1.0961181888758236)
(0.1,10.028584422383412)
(0.5303678438531277,1.8854838421858118)
(0.7545125767549942,1.4604145555665682)
(0.9014997569737175,1.2375658583145623)
(0.1,10.0)
(0.15337014210091934,6.520173915872023)
(0.7169589655998987,1.3947799636807294)
(0.3499881855992189,2.857239304486488)
(0.7429460342760796,1.4597077779018999)
(0.8751142770167762,1.1521789619943341)
(0.7859516655146511,1.356862071734328)
(0.7416441193098706,1.3483555980064128)
(0.8309479194419244,1.2905368969849706)
(0.7148083338816861,1.3989764145160601)
(0.6638876549867554,1.6758682541434822)
(0.8715997564985439,1.1992076182813487)
(0.5836119464615699,1.7616161301533722)
(0.17086082272536016,5.852716755364038)
(0.8501136826921916,1.2858977802172595)
(0.5615161798467208,1.7808925831362044)
(0.2955343758823732,3.3837011244946136)
(0.857364831153704,1.397342537797083)
(0.45572440434912337,2.1943086445594773)
(0.303112555040543,3.443961805794567)
(0.5553666654872933,1.806488324656159)
(0.10547423605636191,9.48098831894486)
(0.40044541089616387,2.4972192783083274)
(0.9065337877496598,1.1031028446080942)
(0.1,10.0)
(0.42821139146364307,2.335295183488607)
(0.557172856597522,1.7947751548894233)
(0.29614509417441887,4.153460489467731)
(1.0,1.0)
(0.10728961144664954,10.483663210775651)
(0.6043820735529599,1.9861288574496574)
(0.6198537059458028,1.613283893292453)
(0.30365878112367484,3.406604006038654)
(0.4456011889740875,2.4406993428514445)
(0.739639671409763,1.4971475684039577)
(0.24370573725059333,4.364566315548673)
(0.49095077830515965,2.099273461544861)
(1.0,1.0)
(0.7491250401697713,1.3348906342436155)
(0.42784647696365846,2.337286979892417)
(0.18377100700880267,5.44155477121644)
(0.20655150481903603,5.199400058611555)
(0.27227768686814635,3.672721079359917)
(0.33174732610168645,3.014342306088346)
(0.9502449215797828,1.0685677360254906)
(0.8251856693407493,1.2370932021944625)
(0.42043520438328497,2.738059334867636)
(1.0,1.0)
(0.5217999341914183,1.9644002570580743)
(0.1,10.0)
(1.0,1.118100871579349)
(1.0,1.0)
(0.4971575866458079,2.0544878129529325)
(0.7210572172709294,1.386852493876725)
(0.7497181676886014,1.4772500042295587)
(0.18303008009708976,5.463582813653046)
(1.0,1.0562308260634636)
(0.387582230763943,2.580097642838147)
(0.2712643342519292,3.6864411340979233)
(0.9378222600115396,1.0663001323808365)
(0.778349778021386,1.5016092159973777)
(0.5077956999374836,1.969295919841608)
(1.0,1.0868639432094502)
(0.5490767005550625,2.0841642863535665)
(0.21782859514805833,5.3413395192129745)
(0.7744089529464407,1.2913073850647507)
(0.8258587340870438,1.2794007554992293)
(0.6365468288249911,1.7773269331062278)
(1.0,1.0922784501467673)
(0.1,10.68411095599885)
(0.1,11.34864771698978)
(1.0,1.0)
(0.5921983478156948,1.6886234210015427)
(0.6973862059086243,1.4339256950129953)
(0.23925194742740727,4.276183003837519)
(0.24014184867025892,4.16420547079701)
(0.5234599139889203,1.9103659578814782)
(0.8545705472211631,1.1701784051085482)
(0.6121696154110611,1.8589848045649977)
(0.8094298178594364,1.2354375610284938)
(0.1168748814035569,8.55615841480175)
(0.27434714177392183,4.331350309633304)
(0.4814263879236585,2.0805921432324803)
(0.4453032889414408,2.245660485412458)
(0.365399475956637,3.150623991174291)
(0.33640704191357196,2.9725893795556013)
(0.27179273783718494,3.9429442811505284)
(0.4955923403584852,2.112997510917499)
(0.7580119137633463,1.3192404787350125)
(0.40670087863921933,2.458809539202129)
(0.348228995074834,2.9566439491613976)
(0.5946850348381203,1.6815624093722332)
(0.24724175115638303,4.044624321429795)
(0.29450534734698464,3.3955240847352264)
(0.6243941929804896,1.6015523706692238)
(0.6726431540792795,1.647750742662118)
(0.5704477276404804,1.7530089989774509)
(0.2203068974521537,4.53912252210433)
(0.5583418662306829,1.7910174043564249)
(0.779033371177451,1.2836420582196297)
(1.0,1.1327432799987083)
(0.36375863802427216,2.7490756107715413)
(0.11703325937532216,9.275531333906208)
(0.5732458638077831,1.744452185590149)
(0.9471942591312229,1.055749642018746)
(0.990086925655092,1.0190308701134319)
(0.8047291806242289,1.2426540804998514)
(0.5359100006182222,1.9803118913734137)
(0.625248145958649,1.599364998462763)
(0.2760793824632843,3.622146612606936)
(0.7571263652194142,1.320783486003953)
(0.43457078620875333,2.522404850166455)
(0.7501444254155665,1.3330766264723197)
(0.4112101496620553,2.68791170751608)
(0.1,10.0)
(0.39186834455023045,2.8893849796278794)
(0.15674532033153546,6.379775790976586)
(0.5328120743428676,1.8768343439538766)
(1.0,1.1868117696966918)
(0.8324641515158757,1.2012529286444946)
(0.42771823029097533,2.3860523802305638)
(0.14284302815475247,7.000691688757995)
(0.1,10.928757916253987)
(1.0,1.0)
(0.5197922809253936,1.964310567476028)
(0.2838718576818851,4.4627505182726335)
(0.34991729763242696,3.004574608555299)
(0.4309408417523087,2.766509610660721)
(0.5704987010678537,1.7528523695640499)
(0.1,10.363940839320493)
(0.1,10.571578836399715)
(0.5305530606045427,1.9853449848766784)
(0.6774674806324639,1.4760856108789593)
(0.6805854906434029,1.4693231250854808)
(0.33413908914045587,3.169899586675509)
(0.26517931798311156,3.8854694196512454)
(0.1,10.0)
(0.24069609714782159,4.154616596819424)
(0.18880772491585474,5.678437994418094)
(0.569971765176831,1.754472872335623)
(0.6766241338822587,1.6296396242859847)
(0.400487931344975,2.496954144514815)
(0.1,10.0)
(0.5978487157718404,1.810511671947092)
(0.6158889278746356,1.623669390276083)
(0.33677216026206624,3.230869768788637)
(0.34073795654579836,3.017339704370513)
(0.1,10.0)
(0.46723566937549044,2.4069029909443085)
(0.8118255976483092,1.3824041222378645)
(0.8985771741382014,1.1128704676468888)
(0.10961895073007873,9.311224864933441)
(0.1,10.0)
(0.6490425663031343,1.697158172444359)
(0.3371241396396523,2.96626637614526)
(0.4336072794093466,2.306234344963454)
(0.337125363843162,2.96625560474062)
(0.21076814147528072,4.74455006814814)
(0.4907277769535982,2.0377896808856555)
(0.6192066223186107,1.6149698080674812)
(0.4145876680032742,2.773725152164592)
(0.7503644072413798,1.3326858128524166)
(0.2692515102874148,3.7139995944035435)
(0.7260884175872984,1.377242737630874)
(0.4597064520198587,2.175301207120759)
(0.48607433223555485,2.128509598249735)
(0.4973904203889017,2.0104930835180057)
(0.7576045361652897,1.319949858090377)
(0.6301465386550353,1.659683392423751)
(0.603210154023716,1.6577970270054234)
(0.5549440553426966,1.8019834438670874)
(0.26036853907265234,3.8545257278512413)
(0.6163561820788513,1.697601831646335)
(0.40390069051487487,2.721737425841721)
(0.906347169956907,1.1279152889242288)
(0.1,11.316197215236379)
(0.5553409080215524,1.8006957268150514)
(0.3072364562806701,3.254822074521224)
(0.6102785049180413,1.7838921354494834)
(0.1,10.0)
(0.6740600338067809,1.4835473842774214)
(0.9156039366753125,1.1253345236701309)
(0.25754881270303354,3.8827591146888696)
(0.6540934439427224,1.528833547042199)
(0.5250282979636884,1.9529667592909434)
(1.0,1.0605586700233975)
(0.1,10.0)
(0.2672973431306814,3.741152037980045)
(0.20821803070444125,4.802658043670903)
(0.5587217175871328,2.044490992859594)
(1.0,1.0)
(0.3207357948801432,3.1178309872575753)
(0.44447484194653564,2.5174259220586443)
(0.5960730964370832,1.778692952724099)
(0.5040886098731665,1.983778209651691)
(1.0,1.045297089206246)
(0.6932002932497701,1.4425845022539332)
(0.417514584395682,2.3951259126610336)
(0.9101052305864968,1.0987740388609486)
(0.6190378201216961,1.615410185767666)
(0.5841488476791978,1.736447890377208)
(0.1,10.0)
(0.11898569388915459,9.450549878395176)
(0.1,10.0)
(0.2666292774874991,3.750525859062439)
(0.5672900727777332,2.0737965015141406)
(0.51936020332314,1.9462744267128103)
(0.623660753018787,1.6260985609134253)
(0.812328858524102,1.2718523399525874)
(0.9280747334456365,1.0774994340028292)
(0.5618932775444647,1.811768071289793)
(0.7460121284807326,1.41191221025372)
(1.0,1.1538771491512252)
(0.8640849292466666,1.1572936480582157)
(0.7267861177654862,1.38845518130492)
(0.26322823440441023,3.9008867338018853)
(1.0,1.0)
(0.8554462755988248,1.168980482497262)
(0.6985045211551899,1.4316299604563698)
(0.7154375383369324,1.3977460594597066)
(0.6241859193805639,1.838617592806599)
(0.3505099843024197,3.00331276812962)
(0.9500890686189979,1.0525328972088377)
(0.7423224271190849,1.3471235186587969)
(0.7440428920178372,1.3440085386583152)
(0.27147572780236545,3.8527609582002427)
(0.36875229562469986,2.711847524381941)
(0.6266862043078716,1.5956949317313054)
(0.14074940164202587,7.104825941238058)
(0.1,10.0)
(0.8140147975407991,1.2284788962326931)
(0.7407080172676381,1.3500596411644787)
(0.8670191630093718,1.2365889590522787)
(0.18010509449150236,5.7669984208731275)
(0.1,10.0)
(0.4715373255929198,2.1207228902666007)
(0.578090235170043,1.729833751137232)
(0.5286282337743851,1.891688593437469)
(0.4398862051389954,2.2733152081548447)
(0.41940022121015563,2.490849533821083)
(0.3749376182234431,2.74732713684429)
(0.1,10.0)
(0.9006385488236444,1.125892365444269)
(0.1624747073745929,6.758850468496343)
(0.823754273268555,1.387318161338877)
(1.0,1.025826685811813)
(0.6685965010275705,1.612828849736105)
(0.6654627615770856,1.5027136869839146)
(0.6353234672129916,1.5740013577441976)
(0.30976514186733456,3.4803797242994365)
(0.6053073185972324,1.7753592342687028)
(0.8421242967322582,1.3199724135433057)
(0.4844393489765997,2.167084486205293)
(0.9938595588941838,1.0061783790786782)
(0.5023233712799865,1.9907494995740842)
(0.6181629493468286,1.6491941753403785)
(0.1789388431012479,5.893168148618496)
(0.2968141698049041,3.369111389315745)
(0.7652233868594163,1.3068079428467807)
(0.8226200173982974,1.2156280893366815)
(0.716248888289105,1.3961627254859519)
(0.7978875139434813,1.253309498550237)
(0.559479500620675,2.0695530751258064)
(0.10489298419199998,9.533526076153608)
(0.3658061572104385,2.7336882671024223)
(0.9125410682526732,1.1230229625513228)
(0.6348517458177716,1.5865451044900827)
(0.5006224073793143,1.997513465757266)
(0.5887456725457436,1.806486554241603)
(0.1,11.099897789649042)
(0.16921315090272254,5.909706158564952)
(0.6128314015714653,1.6317701694719458)
(0.5584764597375345,2.0097776175394695)
(0.3671490026194052,3.0036696121657314)
(0.17059438271204955,6.211198980170746)
(0.8850602852286836,1.3803667126440546)
(0.1,11.700618099594985)
(1.0,1.01993584423325)
(0.45782050108202504,2.26785312982381)
(0.2824337120496208,4.0390233045746795)
(0.6807878498716418,1.4688863794918545)
(0.4633424394814382,2.168580753568154)
(0.8296008362564176,1.211759328054334)
(0.1,10.513900333273746)
(0.42783457734389296,2.931089624679939)
(0.2188567411688622,4.569198986785767)
(0.750834763898723,1.41310943144087)
(0.1,10.088467543937982)
(0.8681216583606729,1.151912281382728)
(0.1,10.0)
(0.5325034673255434,1.8779220443810836)
(0.8172022854690953,1.312135058483221)
(0.40895685458248277,2.6500465576064185)
(0.8884080339011609,1.1256089114917371)
(0.32981606856531864,3.031992966109698)
(0.2428280347347898,4.2929558745023755)
(0.681254040352397,1.4678812025580399)
(1.0,1.0)
(0.1,10.645433300701548)
(0.1,10.0)
(0.19513603458925283,5.368147144060204)
(0.5625189595723932,1.7777178581859077)
(0.1,10.0)
(0.5093950972138425,2.137108366147637)
(0.6302784224934216,1.7278573888062236)
(0.8624445231134078,1.1594948697569782)
(0.535666952068553,1.8831298287952707)
(0.12184118009166667,8.881196900628389)
(0.6730602486873307,1.6548319815280559)
(0.10768760441272385,9.286119841308725)
(0.13318886899922727,7.508134932850895)
(0.2967726836381099,3.3695823609541455)
(0.7613993955867472,1.3343024000124297)
(0.5736187273153538,1.7433182571988064)
(0.598210632218572,1.804717503667042)
(0.1,10.743458174899072)
(1.0,1.0)
(0.2060991720962015,5.085490002621501)
(0.9641647050692503,1.0550720096736999)
(0.9240482433371564,1.0821945793528565)
(0.6333427349447123,1.5789239298486548)
(0.2696005559336463,3.7503072588274566)
(0.9990856644874191,1.1056544995763151)
(0.3112143852663046,3.2132190777245238)
(0.3837539007783831,2.780879881531761)
(0.2896551265964426,3.4523814984750265)
(0.17717313701441217,5.644196500955192)
(0.4532745881045038,2.2061682393927784)
(0.7919126340926547,1.3779712100505332)
(0.35538293011017796,2.8138661575275266)
(0.8286417281124996,1.2067941621499372)
(0.41576053377943567,2.4734709227162655)
(0.6239746610145956,1.602629181085622)
(0.1,10.0)
(0.9209470834096788,1.0858387175706543)
(0.898756490442028,1.112648432177862)
(0.4820742540086227,2.170827328216484)
(0.36483631216256696,3.4507895888263778)
(0.706231453918042,1.4159663867308434)
(0.3188724235134937,3.5943379694492887)
(0.6190040180457017,1.6154983987941884)
(1.0,1.1058727883785697)
(0.6636601539292044,1.5230446141082392)
(0.9969757885488076,1.0030333850489934)
(0.2734542067075362,3.681555515351536)
(0.7040977931369476,1.4202572565164953)
(0.8257224850294761,1.2789086640298246)
(0.41125255587875514,2.4315958301176335)
(0.7295031490606119,1.5304401241193717)
(0.781980259405587,1.27880466031219)
(0.5189594230007007,1.9269329270829132)
(0.5172419673025379,1.933331135551679)
(0.7675354801230668,1.353122863159903)
(0.17294043835889394,5.7823376041452725)
(0.6180053496865545,1.6181089702656926)
(0.1,10.0)
(0.6042456575240266,1.6549560390679963)
(0.431927164318053,2.528735603095841)
(0.3063500217866744,3.359196576993627)
(0.1,10.297338044529537)
(1.0,1.0)
(1.0,1.0)
(0.2279034433201118,4.387823129970906)
(0.44608950266422187,2.5442251856931373)
(0.5993345747631175,1.837459413513756)
(0.5741971994516663,1.7721764095975125)
(0.1,10.0)
(0.9781926779795668,1.1123501951026291)
(0.9788793106587252,1.0215763977349381)
(0.22847471877938486,4.376851869399169)
(0.12787073272155253,8.293250391549545)
(0.8716524828602725,1.2011402123261563)
(0.33192712504062827,3.012709491210153)
(0.352699949548461,2.9677212052217823)
(0.5201812695057153,1.9224067812941752)
(0.6038438666539074,1.6560572280734105)
(0.3163535447529685,3.161020372889678)
(0.8925799319498422,1.1203478413585868)
(0.7939467129121983,1.3697730233902783)
(0.4475776091267918,2.2342493896219806)
(1.0,1.047991195391061)
(0.1,10.0)
(0.8300568514931177,1.2760844159943745)
(0.1,10.0)
(0.25226415946517444,3.964098594584745)
(0.25691536282963434,4.130679449979043)
(0.26315245612388805,4.000361098039871)
(0.40141131376261285,2.4912103015396854)
(0.25815928637923735,3.8735774878576117)
(0.6014826131849913,2.131179862816581)
(0.25334803771234604,4.905643969529974)
(0.8388605774002286,1.1920932118411975)
(0.9617785574825297,1.1242199958665091)
(0.2557235105237429,4.14230868033342)
(0.989094903295116,1.2044329288035815)
(0.40397881268746505,2.475377343052993)
(0.44539862788072027,2.245179794913523)
(0.22559064899101922,5.026590088853559)
(0.47910333825225926,2.087232377983299)
(0.21003571383263678,4.761095062132301)
(0.223991658475762,4.464451965778045)
(0.7735009690145105,1.4028088188735748)
(0.41456099295337334,2.4121902856221507)
(0.8478316657395403,1.3255348897793058)
(0.16866128089972077,5.965067141783746)
(1.0,1.047171079649238)
(0.8329578352286843,1.2005409610265028)
(0.554607212409605,2.14222925213252)
(0.9282143427339515,1.3112958663002077)
(0.6901743922693019,1.4489091615120457)
(0.1,10.0)
(0.6266110846614825,1.5958862274838872)
(0.13781354252537376,7.749556805072377)
(0.7288573357538619,1.3720106129763974)
(0.6724732584706755,1.733432787533054)
(0.28885122617075343,3.4619898044291264)
(0.2518565979134187,4.140294132479329)
(0.7864075033125978,1.2716053646330725)
(0.7603216481468226,1.3152328392034605)
(0.2755744033189698,4.013263509754639)
(0.9462149783338671,1.0568422852075747)
(1.0,1.0)
(0.6121958326031056,1.6334642392907512)
(0.8714011353931778,1.14757711389577)
(0.4709790681317644,2.123236609997778)
(0.295867479638234,3.5261866182037327)
(0.5961347935782263,1.677472965464106)
(0.10930853729974568,9.148416260093223)
(0.7308350740601598,1.48540691355124)
(0.1,10.0)
(0.7141137865999614,1.4524308712859186)
(0.5791674464091445,1.7528961738010276)
(0.8661048459703925,1.2883364954574887)
(0.5649454570304169,1.9813760003709577)
(0.10782807837876522,10.161771318341751)
(0.1,10.0)
(0.4967784093654033,2.062801625543025)
(0.8895418697035713,1.124174177808221)
(0.4707982710822791,2.471032877548238)
(0.3427012654345518,2.9179933103893876)
(0.10649690098941018,9.634427598279192)
(0.831663919749489,1.2024087810629283)
(0.6711135141416329,1.4900608897423548)
(0.6037066010876646,1.840829546111181)
(0.6747025047472974,1.561402412644396)
(0.6774779395064282,1.4760628231356772)
(0.31842571101843364,3.422316903432653)
(0.7161186077866868,1.6168239382389098)
(0.6458542445185081,1.548336963776574)
(0.4937349361456461,2.098345251751032)
(0.13291292655439133,7.523722680132054)
(0.1,10.974037586423506)
(0.40358604248788055,2.4939258303431187)
(0.2627008069021916,4.228135678954889)
(0.9414172487185981,1.1907872876323722)
(0.6711906793605747,1.489889580934993)
(0.7720312668306906,1.395073203495005)
(0.255957697003316,4.13354272037182)
(0.32390639754078254,3.194452041605539)
(0.9314651446674743,1.0947387628993606)
(0.14962950445227927,6.683173907850012)
(0.6884163818234553,1.6953512644897228)
(0.5620180413005015,1.919255913560944)
(1.0,1.0538820202537376)
(0.5460878539380846,2.246232109407282)
(0.8463833406715828,1.2439826397854403)
(0.6572103543555812,1.521582843868211)
(0.5340275798490101,1.894020379634202)
(0.1,10.924902674202219)
(0.8946147736796566,1.1282825987112362)
(0.1478040477846183,7.425739271110825)
(0.6915918577249253,1.4459395217428102)
(0.1,10.0)
(0.9264748923095799,1.1018896776063216)
(0.5807111910848559,1.7686791051893915)
(0.8795057845365953,1.1951724158878105)
(1.0,1.160481759403491)
(0.43742317990594576,2.2861157019959912)
(1.0,1.0293125875366225)
(1.0,1.1147789553928824)
(0.1,10.0)
(1.0,1.0)
(0.3567396963562645,2.9050628593906267)
(0.30104395124163275,3.3217740993485387)
(0.3854073722910633,2.8946126072866565)
(0.16806647071510025,6.353244148220957)
(0.381113299256738,2.623891640491788)
(0.47495976110198596,2.1094818093306684)
(0.3970578591475667,2.5555968887422664)
(0.6597470434977883,1.6337781696896754)
(0.6642225451743221,1.5368295065368083)
(0.8632082145647666,1.2238449856850853)
(0.6795953534308122,1.6990926026250746)
(0.9404184779740705,1.0633563923098204)
(0.28891892770524696,3.4611785663976744)
(0.48966017330328765,2.042232663632654)
(0.4284923255171036,2.333764085023465)
(0.1,10.0)
(0.6860838930561578,1.7075430194090875)
(0.40007095606187604,2.7765067099216334)
(0.1,10.0)
(0.8551380559022377,1.2054558826194373)
(0.7381321807680176,1.416827566762101)
(0.46451126401260007,2.3006058883710643)
(0.5446468010423638,2.056425828751689)
(0.5044596137696138,2.0342546042509757)
(0.43619442614093995,2.5984667863384723)
(0.5364799290348349,1.8640026324919001)
(0.8989864428538228,1.1123638270066796)
(0.6698092981500857,1.4929622547221308)
(0.7134793853674213,1.497344799026266)
(0.40948690827806095,2.4420805153578997)
(0.349724545417051,2.94179972622654)
(0.1422538431956362,7.589609806637233)
(0.6475189955197621,1.544356238070363)
(0.1,10.45003296952607)
(0.9473220325634808,1.0556072440265862)
(0.3952492369651989,2.6090705346811958)
(0.850497000182084,1.1757831006880786)
(0.6937699312652881,1.4414000303763723)
(0.1883234502603604,5.310013164146487)
(1.0,1.0719036302642353)
(0.41148369485224295,2.4302299520253983)
(0.5312094965355103,1.9091992554417934)
(0.43295539153868173,2.528040869576312)
(0.20188327212307303,4.953357400460477)
(0.34639800382947344,3.104114959053493)
(0.5713641720916283,2.1203410182755533)
(0.4669236121543485,2.1416779403938886)
(0.9933195749790221,1.0067253532390308)
(0.22102667146835456,4.625786980230867)
