(1.0,1.0)
(1.0,1.0)
(1.0,1.0)
(1.0,1.0)
(1.0,1.0)
(1.0,1.0)
(1.0,1.0)
(1.0,1.0)
(1.0,1.0)
(1.0,1.0)
(1.0,1.0)
(1.0,1.0)
(1.0,1.0)
(1.0,1.0)
(1.0,1.0)
(1.0,1.0)
(1.0,1.0)
(1.0,1.0)
(1.0,1.0)
(1.0,1.0)
(1.0,1.0)
(1.0,1.0)
(1.0,1.0)
(1.0,1.0)
(1.0,1.0)
(1.0,1.0)
(1.0,1.0)
(1.0,1.0)
(1.0,1.0)
(1.0,1.0)
(1.0,1.0)
(1.0,1.0)
(1.0,1.0)
(1.0,1.0)
(1.0,1.0)
(1.0,1.0)
(1.0,1.0)
(1.0,1.0)
(1.0,1.0)
(1.0,1.0)
(1.0,1.0)
(1.0,1.0)
(1.0,1.0)
(1.0,1.0)
(1.0,1.0)
(1.0,1.0)
(1.0,1.0)
(1.0,1.0)
(1.0,1.0)
(1.0,1.0)
(1.0,1.0)
(1.0,1.0)
(1.0,1.0)
(1.0,1.0)
(1.0,1.0)
(1.0,1.0)
(1.0,1.0)
(1.0,1.0)
(1.0,1.0)
(1.0,1.0)
(1.0,1.0)
(1.0,1.0)
(1.0,1.0)
(1.0,1.0)
(1.0,1.0)
(1.0,1.0)
(1.0,1.0)
(1.0,1.0)
(1.0,1.0)
(1.0,1.0)
(0.1,10.0)
(0.1,10.0)
(0.1,10.0)
(0.1,10.0)
(0.1,10.0)
(0.1,10.0)
(0.1,10.0)
(0.1,10.0)
(0.1,10.0)
(0.1,10.0)
(0.1,10.0)
(0.1,10.0)
(0.1,10.0)
(0.1,10.0)
(0.1,10.0)
(0.1,10.0)
(0.1,10.0)
(0.1,10.0)
(0.1,10.0)
(0.1,10.0)
(0.1,10.0)
(0.1,10.0)
(0.1,10.0)
(0.1,10.0)
(0.1,10.0)
(0.1,10.0)
(0.1,10.0)
(0.1,10.0)
(0.1,10.0)
(0.1,10.0)
(0.1,10.0)
(0.1,10.0)
(0.1,10.0)
(0.1,10.0)
(0.1,10.0)
(0.1,10.0)
(0.1,10.0)
(0.1,10.0)
(0.1,10.0)
(0.1,10.0)
(0.1,10.0)
(0.1,10.0)
(0.1,10.0)
(0.1,10.0)
(0.1,10.0)
(0.1,10.0)
(0.1,10.0)
(0.1,10.0)
(0.1,10.0)
(0.1,10.0)
(0.1,10.0)
(0.1,10.0)
(0.1,10.0)
(0.1,10.0)
(1.0,1.2644903115356096)
(1.0,1.0662705660534324)
(1.0,1.095750559316639)
(1.0,1.0298627000500347)
(1.0,1.0)
(1.0,1.033412655827839)
(1.0,1.163422675586058)
(1.0,1.1369207595548538)
(1.0,1.033577109271616)
(1.0,1.09553786153515)
(1.0,1.028250346042666)
(1.0,1.2221932884976965)
(1.0,1.0327010098099385)
(1.0,1.037812389463996)
(1.0,1.0917881054138512)
(1.0,1.1091754031479277)
(1.0,1.0279525245596197)
(1.0,1.0332169440786787)
(1.0,1.0425270215450957)
(1.0,1.145021587463245)
(1.0,1.1569026247035556)
(1.0,1.1836402501028425)
(1.0,1.0737959028886783)
(1.0,1.028903355823471)
(1.0,1.0215243049429068)
(1.0,1.0467890645420488)
(1.0,1.0337147518251706)
(0.1,10.183012217205611)
(1.0,1.1028473422179363)
(1.0,1.1222304997050716)
(1.0,1.064401676691124)
(1.0,1.182044456380189)
(1.0,1.0731569718815785)
(1.0,1.0311148685084726)
(1.0,1.1151130842232324)
(1.0,1.05583608776916)
(1.0,1.087550793138163)
(1.0,1.026498736250773)
(1.0,1.05050522393497)
(1.0,1.027799627859548)
(1.0,1.0533335346418644)
(1.0,1.0578678760651732)
(1.0,1.0315379171373174)
(1.0,1.0950030194581213)
(1.0,1.0363593988254565)
(1.0,1.1228318604227883)
(1.0,1.0002249622913908)
(1.0,1.0738089078411224)
(1.0,1.1849402591021407)
(1.0,1.0566667211463698)
(1.0,1.0254707685465885)
(1.0,1.1454203819591369)
(1.0,1.1545435369765014)
(1.0,1.10067399642458)
(1.0,1.0014958911441387)
(1.0,1.1607770260758319)
(1.0,1.0789799733614434)
(0.1,10.183793310242551)
(1.0,1.0397174054897351)
(0.1,10.1855053142407)
(1.0,1.079306890323801)
(1.0,1.0422201954802266)
(1.0,1.0438920258888975)
(0.47242010365634735,2.1167600452656226)
(1.0,1.171323618193821)
(1.0,1.0171609016502101)
(1.0,1.0817644073491122)
(1.0,1.284340853685018)
(1.0,1.0148574237407681)
(1.0,1.0716588746495683)
(0.9501849927377756,1.0524266407520204)
(0.4624503887424416,2.297259947154528)
(0.44142950002025966,2.5205714966888966)
(0.6861166436912305,1.4631418659408568)
(1.0,1.1289298717841179)
(0.5923626938944904,1.6881549265459257)
(0.844649817121361,1.1839225910307845)
(0.43281776013642886,2.3104412344003378)
(0.1,10.968816322930026)
(0.5954826918238434,1.679309934159802)
(0.6861334037818523,1.4799438988894738)
(0.6320485640858757,1.5821569050572688)
(0.7908102369720317,1.2645258663177454)
(0.3493409910119952,2.862532670738497)
(0.6280437061539403,1.59224587429412)
(0.5955448009900357,1.8541053501586375)
(0.4241682275200614,2.3575551753288835)
(0.24113835057340768,4.7903715026644145)
(0.8065378841852392,1.3484327138375918)
(0.2977609792943481,3.3583984119405446)
(0.7908657914891766,1.2644370394590339)
(0.1,10.207607008461247)
(0.6397648689984204,1.6068885917378384)
(0.38458178088499945,2.6262813159016494)
(0.5923590183361025,1.8507210661538187)
(0.4732310758878965,2.3577547944563957)
(0.5955633000690539,1.7059229311712207)
(0.5146142062835607,1.9432032536019497)
(0.5954646198190858,1.8631562890184141)
(0.5450544656714376,1.8531404135663023)
(0.9388534862973368,1.1072225556201276)
(0.48941973789448734,2.095510579403446)
(0.8065559041018115,1.298928974585118)
(0.5966619966034288,1.6759907714797022)
(0.4969190250928361,2.042197527378036)
(0.5924296663548276,1.7358581117570415)
(0.5299297398754819,1.8870426110355139)
(0.4624537465497388,2.162378416135171)
(0.638281566901512,1.566706688482987)
(0.6279676506090784,1.5924387172334116)
(0.3459862391844577,2.890288360476857)
(0.5137780705673094,2.096354336412588)
(0.9502154447500823,1.1041956471551366)
(0.6830004620521404,1.4641278528500612)
(0.6103738364928273,1.654567521295208)
(0.8058749158442398,1.41525128060673)
(0.6110724222231716,1.6364672396143365)
(0.1,10.964808065408405)
(0.6518913315081589,1.6350360790214078)
(0.5198981396177818,1.9234536994788616)
(0.6467305287256765,1.6227175562360823)
(0.5258708496285139,1.9016075918762576)
(0.28074648706405003,3.9926014789414563)
(0.35513886148307783,2.8157999826432665)
(0.284375902809353,3.5164723526887753)
(0.6606381633838389,1.513687908790985)
(0.41859029278499615,2.53546485021457)
(0.95030646006258,1.1492474338506513)
(0.1,10.252890526194626)
(0.6860845013948812,1.5912536623804423)
(0.5298909833731543,1.8871806303142742)
(0.5833643366090249,1.7409129822901819)
(0.6520958663716144,1.5335168516926667)
(0.5145389303263739,2.1100860699563064)
(0.35517171874391434,2.8155394904091993)
(0.5343312867404633,1.8714981226351481)
(0.4337264295881425,2.4734748214898947)
(0.5441880516751002,2.10554842777699)
(0.3093630727980681,3.232447851501444)
(0.3682936461932673,2.9105899439337644)
(0.8446580134503486,1.206838774157233)
(0.9766424858831525,1.0239161355915476)
(0.7671589367304829,1.3517616192741893)
(0.7512215209849374,1.3311652715817905)
(0.27837908032540193,3.5922239517103205)
(0.5421851742436086,1.8443883151085412)
(0.6519773732364331,1.5337955595544264)
(0.6216230315017193,1.878625498024729)
(0.48947757046173257,2.042994532020503)
(0.7965626571123088,1.2553940246523612)
(0.5250927759827432,1.9044253620294793)
(0.54417807289923,1.8376337632868538)
(0.6299742073006818,1.6637622603003737)
(0.39625458168777755,2.523630126220052)
(0.7051237599949667,1.759334329058688)
(0.9396814785329142,1.0641903909410437)
(0.5376362511015265,1.8850145031657073)
(0.42411864051391224,2.551049646476207)
(0.6693321486880223,1.523859224456384)
(0.608432940500051,1.6435665024614428)
(0.790755591449098,1.264613251949887)
(0.5816894163154842,1.71913047057683)
(0.8363137773176132,1.195723455862933)
(0.6086087624406183,1.7799574193580723)
(0.5319624540610708,1.9988381940407607)
(0.7513153549534041,1.6018890576800302)
(0.5411255113457689,1.8480001017010248)
(0.1,10.253452332830651)
(0.42621810615181926,2.3462166096805825)
(0.9379117870762989,1.07530824852386)
(0.6283567797301524,1.7052987238719128)
(0.775192121746159,1.350589466620201)
(0.5146657429397726,2.190337502685868)
(0.7672358820140885,1.3678662725906743)
(0.6367325847000597,1.570518022838523)
(0.6518300070042914,1.5341423212408452)
(0.5834046598317464,1.7140761273459824)
(0.8690683628401731,1.150657465808482)
(0.1,10.09700340384248)
(0.6280762620204312,1.5921633414119862)
(0.641236391869059,1.5594872853133401)
(0.2411356884131251,4.499158172047941)
(0.608624211599418,1.7173309371117353)
(0.451859694729468,2.2130763413158765)
(0.5835610655733202,1.713616721529475)
(0.436474421191921,2.296927006853364)
(0.39538282942017966,2.5291943038256828)
(0.24660755193705408,4.055025858475118)
(0.2661779314505782,3.7568854583486457)
(0.5965740491805461,1.8557088329787426)
(0.37323253600227435,2.679294819018421)
(0.6244295035976962,1.601461805117194)
(0.3826736616759818,2.6131926498947866)
(0.1,10.183009187128112)
(0.1,10.331984089360603)
(0.47214017557176063,2.140498892626069)
(0.6298030355573577,1.7353720911417596)
(0.3389995320092393,2.9498565796626095)
(0.1960732345697886,5.437868613403347)
(0.9805743713641644,1.1774715473903212)
(0.8652664314113959,1.1557133891913856)
(0.622496938277118,1.634542296388879)
(0.6694389208750867,1.636655683010134)
(0.7733286318574661,1.4933728117410345)
(0.4143026155991658,2.4136946337010126)
(0.7622278307310995,1.5200688090960919)
(0.1,10.241425909345718)
(0.5936805208611621,1.857832185361949)
(0.23134198464772768,5.536291823219)
(0.1,10.186409981495036)
(0.828953304452766,1.2063405678322865)
(0.5831173843183922,1.865011276905372)
(0.4771631372599201,2.166502030304502)
(0.4240852969427353,2.3837872207096362)
(0.6369051336145605,1.6110141783972478)
(0.6052111311262725,1.6523159416103965)
(0.6282903855060545,1.5916207267672147)
(0.25695679981003433,3.8917047563609537)
(0.3685586174678207,2.7132726046958084)
(0.3748989563077451,2.907919759252953)
(0.36844835982819746,2.714084547604681)
(0.504685535130499,1.9814318627963554)
(0.6245981579161944,2.078629849106631)
(0.7331759890041329,1.3639290088567848)
(0.750065549912382,1.3669366496809074)
(0.588305318846737,1.7665054506839346)
(0.403613344790734,2.4776187727848327)
(0.6461883549142527,1.5475363992480133)
(0.8653775648856676,1.1555649702244344)
(0.4880438787657155,2.0489960913535974)
(0.49688206950474917,2.102098773635125)
(0.9618938135173136,1.039615793289433)
(0.47239825499045746,2.116857946522686)
(0.5832500743774892,1.7216042470089015)
(0.6381810786490771,1.5669533827559305)
(0.5089411545821072,2.204269817882912)
(0.9109396799056051,1.186457285387458)
(0.8676188002837835,1.1961056494674127)
(0.6403284587478877,1.5616985100981173)
(0.1,10.149487841157073)
(0.6650662047798771,1.698795537426244)
(0.5328196005837538,2.391812152368128)
(0.32248710456573404,3.100899185865478)
(0.543983544270581,2.0022102864468168)
(0.8227972129813174,1.266449045577592)
(0.34606227237403847,2.88965333649303)
(0.1,10.204440770117117)
(0.7511435257454132,1.6085092516008184)
(0.545118576908067,1.8344632569156558)
(0.47582694091987304,2.101604415392686)
(0.1,10.370475189044663)
(0.45980657089538746,2.1748275542315256)
(0.1,10.3914910379015)
(0.939737568027215,1.0641268733134652)
(0.37352929538886187,2.8604569543840803)
(0.4438599932996628,2.2529626798891758)
(0.3963403912481937,2.523083748418128)
(0.5376819793378815,1.8598354388432943)
(0.8064772285908087,1.2399606145697897)
(0.5953500758471434,1.6796840053762767)
(0.6320086282528361,1.5822568795689738)
(0.4436746812836498,2.253903687059124)
(0.38725535552490015,2.582275456577129)
(0.518665833449467,1.928023662845393)
(0.383486081114484,2.719586512597683)
(0.651690351586982,1.676438193512083)
(0.1,11.014262258623983)
(0.8692377501620909,1.1504332385627813)
(0.42014510663944227,2.380130065059104)
(0.7485750486230266,1.3358714023923979)
(0.9038514587623561,1.1632318672918875)
(0.9015967889437702,1.1123533803551853)
(0.5137360038344931,2.057046970264565)
(0.958411955960698,1.1414241232354467)
(0.9130070924846057,1.0952817434075532)
(0.46688916763398125,2.1418359416381922)
(0.5045465285755958,2.0701591390647813)
(0.36590846446414454,2.7329239334882622)
(0.1,10.111105201136363)
(0.4239131926771284,2.6522454944872043)
(0.2660816318499104,3.758245140965136)
(0.40964798984797246,2.7605423992206215)
(0.2898703481224523,3.5472178716790292)
(0.43331725444678293,2.307777938076115)
(0.5938693045325686,1.8970007336195618)
(0.4732830784128777,2.1408888284252168)
(0.9422285472838611,1.2194547307694577)
(0.600881506595708,2.046897591447069)
(0.44299817453070334,2.520251303237757)
(0.7952548218979243,1.2843390693512358)
(0.4180378725677349,2.3921277607161526)
(0.3731862215815754,2.8248303444130576)
(0.9287515732152988,1.0767141922979921)
(0.6279008625547674,1.6620662626273224)
(0.3390934435564795,2.949039620205572)
(0.4337458352007141,2.3054976413485426)
(0.25643249550003744,3.957109088832982)
(0.7412005148753927,1.5432846556215774)
(0.4479110625433972,2.2924333535787724)
(0.5318914497838733,1.8800828635360396)
(0.495362914219946,2.018721973918278)
(0.5478233643607329,1.8554026541434776)
(0.330234172044251,3.028154214961137)
(0.38366147099075426,2.6064644891696687)
(0.747825193495555,1.3372108999507035)
(0.6157919050551104,1.6239252120576428)
(0.3388660088066167,3.306391718472139)
(0.5267025951046672,1.9035304801737107)
(0.5509457481628418,2.009406527108205)
(0.36978344322365103,2.8110487711842786)
(0.487819354076337,2.049939166299486)
(0.5922981547374426,1.688338874604946)
(0.8759865321124245,1.2506078053459369)
(0.3653241371630867,2.7372951805634007)
(0.1,10.316158288831701)
(0.43417331124314945,2.303227706780833)
(0.8059083605006101,1.439490554547702)
(0.47131329193994637,2.1217309528529436)
(0.8363325264657401,1.3459701899600114)
(0.1,10.212590163578975)
(0.5323716212518843,1.8783871267376662)
(0.5699161526938565,1.7758038860323708)
(0.26922313180834584,3.714391082531045)
(0.28664561399089017,3.6780846817472037)
(0.5836510577657551,1.7133525017979905)
(0.4637086447934277,2.4188531623905902)
(0.32246596252397347,3.6603930427280167)
(0.2364107910307752,4.229925358482571)
(0.41419308601843785,2.611410148029261)
(0.3871046865609559,2.9476078446558764)
(0.7344496334927311,1.3824124874107955)
(0.7501485595214655,1.6697723616667028)
(0.1,10.957424133689)
(0.3393394106445364,2.9870789774719584)
(0.3534595160771135,2.829178320330841)
(0.6714744151173381,1.489260018678825)
(0.7734078116100517,1.4221813859402725)
(0.9709951513398511,1.0298712600368043)
(0.5323566353762156,2.0879126288565493)
(0.2733178079961159,3.6587444020998845)
(0.7332173826739017,1.3638520084632935)
(0.686179641053317,1.4947423141408804)
(0.732926464085874,1.6439039435907943)
(0.36584956061697843,2.924304493073455)
(0.702563747981461,1.484898662057861)
(0.80370965290205,1.268172293237113)
(0.9956568532023168,1.0661889975189802)
(0.8496335138108375,1.1769780543551394)
(0.24110654114840474,4.559362608660865)
(0.319000176928497,3.175939806327364)
(0.636310246255028,1.6028528676667202)
(0.6215090048353766,1.608987146155472)
(0.6366828021320391,1.8442483808614691)
(0.9544053081891795,1.1173421234686955)
(0.8614546394960664,1.1608272265908044)
(0.4166025466706308,2.400369388021547)
(0.5189375232247838,1.9270142459265533)
(0.9155653648910219,1.1964748470965905)
(0.5450193960907534,2.0513894914088238)
(0.2659862921439323,4.120488165514259)
(0.26629787719121306,3.7551932841055207)
(0.7379956158513612,1.355021599750816)
(0.31683863178871535,3.2311591584082837)
(0.6502593027684682,1.7714242778896427)
(0.844213796562326,1.1845340647973794)
(0.1,10.23406677343486)
(0.1,10.144742107950684)
(0.370810632281193,2.6967943013070896)
(0.4095540076502416,2.491690921139547)
(0.2978104624113591,3.357840392520266)
(0.8361107491946922,1.1960138067393096)
(0.8012812561735776,1.422723070892311)
(0.7485461868283483,1.3359229097633671)
(0.3493592239733022,2.8623832759498553)
(0.1,11.059297992570626)
(0.41629624144624183,2.4021355478154955)
(0.64479065229825,1.550890969705694)
(0.38973105307763845,2.7165790414763378)
(0.24101607233672592,4.48146190344174)
(0.6397883874009573,1.5630168032001133)
(0.8445847390113658,1.3328222767062559)
(0.6334515839112598,1.5786526159197196)
(0.1806362292449964,5.53598801403069)
(0.42798716613827503,2.4126068067144746)
(0.3236291575403127,3.327733118058225)
(0.39949230066910624,3.062444085036275)
(0.5993079265241712,1.6989977735279997)
(0.5320636045176925,1.9045697807919595)
(0.43404230313788816,2.3039228959263824)
(0.5421493505221149,1.8445101871595968)
(0.5330177809864558,2.0125258181921963)
(0.5158368718282502,1.9385973640382839)
(0.8299860887013922,1.2650259785405675)
(0.5554615029291174,1.8336883598801617)
(0.8500165922315445,1.2007273038439232)
(0.41138412491016185,2.430818156190106)
(0.4536171770213877,2.2045020573655454)
(0.373408590057349,2.6780315895957765)
(0.3694000398026327,2.707092290878722)
(0.5581826158638459,1.9241003725480883)
(0.6466878583296092,1.5463410780325981)
(0.6297108575975923,1.643520366211389)
(0.7345622677158942,1.3731821040004746)
(0.5342375686904416,1.8718264281773858)
(0.4336229463732679,2.788225459628635)
(0.6411986985438018,1.565321902108134)
(0.986440044377887,1.0137463555939326)
(0.7620634541094429,1.6194874034848716)
(0.3534681049791479,3.0422336221438195)
(0.5343986489355663,2.1674028766924804)
(0.9935971110165434,1.0064441501615338)
(0.9129265276220181,1.0953784009374665)
(0.5364849878120509,1.8639850559067914)
(0.6417693611339753,1.832998316851194)
(0.3328300189463609,3.004536679611104)
(0.6951202448166577,1.4386000227395999)
(0.8674249484910368,1.1667766896869625)
(0.471254795195282,2.4292189313267225)
(0.4815890155024444,2.0764593207274356)
(0.4742255469301805,2.203299800543245)
(0.48810692824554797,2.0487314195567783)
(0.6005707912729676,1.930631864071419)
(0.6404705075186473,1.5613521438703952)
(0.46242836068018356,2.1624971239417605)
(0.3109518396413029,3.215932091456817)
(0.7976151475332324,1.2537374736333418)
(0.3934715424386663,2.8084843374095896)
(0.30281456850754646,3.3023510227021293)
(0.9584861403015532,1.0433119040045649)
(0.9016975116131257,1.109019363057809)
(0.5417293007760021,1.9856534577309324)
(0.29770765802892535,3.3589999216709425)
(0.4328460819641924,2.3102900584479036)
(0.6859522731028362,1.5900589040424133)
(0.28983545234054464,3.6538177449078075)
(0.4180647459673126,2.391973993612433)
(0.4332935482808934,2.307904200206842)
(0.9005320925264263,1.1976994260427474)
(0.6418863204882747,1.6173570207452483)
(0.3616971028927721,2.857102081992041)
(0.1,10.496133306674627)
(0.7582802403487346,1.3910111782412182)
(0.37371923426580944,2.9119856772416663)
(0.1,10.707045226492777)
(0.40269468954679616,2.6167349197207783)
(0.49001898386976295,2.04073726308077)
(0.9289690365892609,1.07646214309955)
(0.5327370674248874,1.8770985935589959)
(0.9322303025907975,1.0726963039292556)
(0.9588846463945893,1.2051464701616066)
(0.41770241656206697,2.525813109548978)
(0.34107484538769206,3.0609625724905904)
(0.5587458117338413,1.8272376532300207)
(0.6314474444474101,1.5836630725065588)
(0.4518055545707448,2.2283437241476958)
(0.8040394320977731,1.2437200964024333)
(0.41759818462351017,2.5345170314796897)
(0.1,10.16539471768598)
(0.1,10.02844818847879)
(0.6052925064874453,1.6783991652631503)
(0.37100577371655474,2.7738549786605264)
(0.6462643215945555,1.5473544903928123)
(0.1,10.120597160874194)
(0.8366944708634689,1.274325829506552)
(0.43753808041362274,2.2855153522972422)
(0.4016126643745287,2.6048376220677993)
(0.8101054569988134,1.2344071890401607)
(0.20440670256308585,5.199108837856576)
(0.5406423782164845,1.8951224811327263)
(0.49857281102873996,2.005725097476997)
(0.947483904217836,1.2552044948363736)
(0.34038029090635913,3.1707095241903285)
(0.18056408460439655,5.53819992603142)
(0.34708508120152837,2.8811379519345257)
(0.3459167418134843,2.89086904194765)
(0.5103367390667957,1.95949051567129)
(0.48033863828218293,2.0818645853189377)
(0.8919987892455374,1.1210777548765634)
(0.5409821906211254,1.8484896866047589)
(0.7731447366791596,1.2934188807845186)
(0.45204788477801766,2.212155025326707)
(0.23639955433619128,4.574860161787173)
(0.6970808630144543,1.4345537986448276)
(0.5012558286167966,2.050836992282615)
(0.2627749840124067,3.9534119346741683)
(0.1,10.937599923355787)
(0.46334138867192654,2.1582358590202695)
(0.6320578527554502,1.6435028970164487)
(0.36960084221081013,2.7056215403038166)
(0.3378718506774332,2.9597020231043207)
(0.48049536097200474,2.2706300304057314)
(0.6962136918242446,1.4363406117161577)
(0.9146114321524821,1.0933604860443973)
(0.9931960314985563,1.0068505796294591)
(0.47096617472319685,2.1571239384360914)
(0.4185289605537499,2.38932091742687)
(0.40603786424898736,2.4628244999998024)
(0.3997313585518057,2.9303643922807843)
(0.7117294726374029,1.4050282283440847)
(0.7514383079602769,1.6058876793176107)
(0.4637347546029673,2.2180699205494476)
(0.5779334856188161,1.7303029239243002)
(0.24674525169092182,4.052762892688288)
(0.3129032037749166,3.5642057359202584)
(0.98066026207409,1.0377466490777745)
(0.6999490762283059,1.4286753621970993)
(0.6660252759072869,1.5014445189602739)
(0.23157619018760045,4.318233231101598)
(0.4896108346490025,2.0424384617977065)
(0.31292373130251944,3.629774198697441)
(0.4201350722471673,2.380186911440937)
(0.5009270732664752,2.27324656858233)
(0.1,10.369673953670123)
(0.2465362117059323,4.05619926208973)
(0.36562031488688057,2.7350777822873176)
(0.6841550456529475,1.4616569830974713)
(0.6401817095832183,1.5725172622746972)
(0.21805110875294817,4.658328480680891)
(0.16734163508070912,6.80360164891177)
(0.3846796070037429,2.8362377580664524)
(0.5259064382926231,1.9014789080098378)
(0.5549568761091583,1.8831860317845623)
(0.8689984781427729,1.1755017390279423)
(0.2588153842967782,3.863757955181369)
(0.3620336502486157,3.000123898373762)
(0.6414309897039989,1.55901416684197)
(0.695037451510174,1.4387713896959147)
(0.6501412090743454,1.5381273883927074)
(0.6865253230445316,1.4566105086485424)
(0.5547853918997108,1.8024987943099469)
(0.42067182150244165,2.753286600151561)
(0.1,10.495487241858596)
(0.1,10.333803077365147)
(0.5442880772730796,1.8372623648308966)
(0.6969114512141766,1.5747374723327883)
(0.4301074353157579,2.4760790875569705)
(0.3061025842534749,3.2668786591227477)
(0.21038757576061137,4.753132386191121)
(0.7802398683671525,1.2816571423000347)
(0.7523726063977405,1.329128667759272)
(0.6317112163992796,1.583001811650499)
(0.6695882386588327,1.4934551449155877)
(0.37777858355763594,3.1420656472151274)
(0.595188315907217,1.8308829313610882)
(0.8279130423284153,1.3059503846192873)
(0.9132753863068918,1.1063067977718097)
(0.31890361545372836,3.1357436903850218)
(0.3780772943527555,2.6449617973275465)
(0.5347057553355105,2.1563733430125893)
(0.3425583872425235,2.9192103806000897)
(0.6875682958398095,1.454400975220331)
(0.5228464294112006,1.9126074957156007)
(0.5147762710974682,1.9425914832244846)
(0.5789728729318118,1.8078298339627186)
(0.39337526539843287,2.5421018756406637)
(0.8062342035384142,1.33440202285693)
(0.5179130575673476,1.9308260052315123)
(0.6276285513169378,1.7838006691484132)
(0.5552765281306178,2.1465870231395288)
(0.7665960366159944,1.3044680017057315)
(0.579164172095709,1.760838199016936)
(0.5583601941329197,1.790958615079832)
(0.6459827958318458,1.770181622896735)
(0.8078839341394779,1.3290022216563986)
(0.8015190036444366,1.2476310548509613)
(0.5417002906711674,2.506250479836595)
(0.4430141446400641,2.2572642704500336)
(0.5316505388004833,2.2443674380910563)
(0.5412069054063393,2.0222765691926288)
(0.5155049551995802,2.4026629434309204)
(0.4026274421997099,2.4836856487888954)
(0.761764583152048,1.3356063921595545)
(0.3707368834322162,2.697330761218516)
(0.9125289417448337,1.095855653726351)
(0.23765700842325682,4.207744625898191)
(0.4385525688774776,2.2802283488148465)
(0.6104857679774551,1.6380398241109029)
(0.5588494925287181,1.8126477275285746)
(0.5468765110741366,1.8285663760468884)
(0.5884572458477043,1.967788883695135)
(0.27318966838605163,3.682194503381574)
(0.4037236293194775,2.4769419656848295)
(0.6325660013850851,1.7089002926075663)
(0.5209950219457282,2.47107106383005)
(0.6712884085979811,1.4896726759941368)
(0.9109627405248678,1.1014144987057448)
(0.3372437389552186,3.4554318375115782)
(0.48165559540967934,2.076172288934867)
(0.4139135355895855,2.7867365584344577)
(0.6126575423396526,1.6322332312781807)
(0.6109475030160004,1.8045718605624597)
(0.8103508032478421,1.2340334531564034)
(0.5635077251280283,1.8857336587621945)
(0.806688252721894,1.419380748705301)
(0.7670867505119441,1.3781656028186122)
(0.6770685460953624,1.7609950934343046)
(0.286672137502582,3.9640584073758665)
(0.34728992257171,3.059636534968806)
(0.32271247957535965,3.108219543895803)
(0.5267691509062306,1.8983647737906517)
(0.9362479676398912,1.1293207974020885)
(0.1544471816440783,6.8062458424326255)
(0.3376140114853162,3.0075678042642635)
(0.30034316182602094,3.4945371287111344)
(0.7736968843589411,1.618834516716448)
(0.3166618303159418,3.2418083456906324)
(0.4063504391281255,2.842012913038826)
(0.41307079137180425,2.5399716831291266)
(0.9468359832726909,1.0561491300146308)
(0.7002026551607116,1.4281579663111652)
(0.47213470945434377,2.4315066280519337)
(0.3749721856623282,2.666864472183878)
(0.6370148665449726,1.5698220756193308)
(0.859885384571231,1.1629456878123763)
(0.25696409542420084,3.891594264751978)
(0.581094586819128,1.8748135010457088)
(0.9954128754266771,1.012232049660854)
(0.4535778589946686,2.2152654870095447)
(0.9556938469024847,1.0463601949945756)
(0.4426870502040258,2.406224991642451)
(0.6468469993286238,1.6718640967185023)
(0.4034359754291168,2.478708050109673)
(0.7938946572594773,1.2596129610595919)
(0.5072211971706366,2.0300105715486754)
(0.1,11.013075945162974)
(0.5786081738617463,1.7282852976752827)
(0.5186128564476401,1.9864853368861553)
(0.9930695428565144,1.0069788235812271)
(0.5252189565227001,1.933525965402311)
(0.581658247534335,1.755946213849761)
(0.4738684910313026,2.110290130967882)
(0.7127642121543325,1.5207004105447255)
(0.34928044820045095,2.9141161736618937)
(0.6881501133894234,1.45317130745585)
(0.3698868075178057,2.9764869716153233)
(0.9474277796896555,1.1118257956468773)
(0.2762646550180795,4.477694451506762)
(0.3579649618811054,2.980395463974334)
(0.9389192251865498,1.0650543445857277)
(0.25893680640454836,4.299413630841431)
(0.6379792839345448,1.5674490146965299)
(0.1,10.970848450525542)
(0.1,11.45559308885599)
(0.4204305301181592,2.5574772424592864)
(0.8710894245259311,1.1738165859092504)
(0.5313360724712696,2.100619404646582)
(0.5257369161135755,1.9020920337729696)
(0.14637325191481895,6.833188274632626)
(0.3352199940607052,2.9831156187506807)
(0.4735814974766589,2.111568980900244)
(0.35526511928061477,2.9418068154378973)
(0.3912792092513214,2.678645821807987)
(0.3682865629871638,2.7152769079844323)
(0.6243466794519369,1.6178345163553105)
(0.1,11.035799771742859)
(0.5783846172087105,1.891342523910917)
(0.5714077638851929,1.7500637254220435)
(0.7614729088500792,1.4810355295745254)
(0.44354243432578666,2.254575712738884)
(0.7488915945848617,1.4446557481562265)
(0.9759607314719432,1.0289436929185822)
(0.9546884942864783,1.1883801936018061)
(0.9765910740116132,1.0239700388538555)
(0.32327445809803507,3.422981155968849)
(0.41864001209325885,2.388687108525197)
(0.3536617353883924,2.9085322524538597)
(0.87713237286601,1.1400787736661946)
(0.8776943671166475,1.3644409137267357)
(0.34280221808991534,2.9537930902773435)
(0.2088983243002111,4.787017815245297)
(0.6716789061563481,1.605154070897816)
(0.30622585585691686,3.265563573009482)
(0.7025983467118404,1.4232882907851963)
(0.7923736795539197,1.5314526479053192)
(0.682980713855051,1.618729345223289)
(0.2252193584597402,4.490493683140353)
(0.40194901031205665,2.6551999975956186)
(0.9153830891527851,1.2225330659190503)
(0.5557317985128561,1.799429153912031)
(0.28083644208317066,3.5607914435258605)
(0.4530290162514473,2.207364129287834)
(0.3350377024980705,3.320130319525658)
(0.1,11.174986159713095)
(0.200056956334366,4.998576497028407)
(0.3825419318786847,2.730074846989329)
(0.5024552810995565,1.9902268671783747)
(0.40217687234153154,2.735244479095862)
(0.6126302721264205,1.6323058874140046)
(0.4166404883204859,2.6308962691068025)
(0.6246467166165566,1.6009049169690208)
(0.25843735010708435,4.118968160424917)
(0.6965489499361864,1.435649282209978)
(0.5802268121224201,1.9652643064263664)
(0.38563632546466,2.686057438519869)
(0.4916232649794567,2.034077862531153)
(0.7967436929447412,1.4257935617010176)
(0.8180700003249549,1.2223892816052155)
(0.8106924415000398,1.2678236157278782)
(0.3676480017163656,2.719993024119532)
(0.3827480303671815,2.61268490144984)
(0.6434225073601076,1.6314987988026153)
(0.1,10.305903550243647)
(0.25691222232883504,3.9080699749452394)
(0.49008501742400545,2.040462296228152)
(0.1,10.619319040052249)
(0.4597809133706582,2.1749489178856742)
(0.25874329215786185,4.426494788001967)
(0.21431734860609766,4.665977843156036)
(0.26257435865341294,4.018261711257186)
(0.39991393053999824,2.7705993844842123)
(0.5592243106560327,1.788191215841257)
(0.44793002229875,2.4187900470552046)
(0.639685870901775,1.6598523764108726)
(0.9620637994334953,1.0394321048030735)
(0.9542853422057446,1.0479046001991292)
(0.6009006203914908,1.6641686929004886)
(0.6111139654930035,1.6363559932610456)
(0.34318134725434146,2.913911283350932)
(0.36871585895584175,2.712115510387532)
(0.27823090767405995,3.5941370006651927)
(0.3497602687174475,2.8591011885568003)
(0.7481450287555836,1.552807771446729)
(0.550172728017188,1.8585190673169076)
(0.35167807852334393,2.843509621637168)
(0.3365454672593299,3.31477104193784)
(0.6157593168113401,1.6980358348794284)
(0.3356314138365271,2.9794588908386888)
(0.2947272783307149,3.3929672396251536)
(0.32645667604598655,3.0631935977291342)
(0.976765680029414,1.097026573063394)
(0.6212126113587243,1.6097548274378832)
(0.564033253963212,1.7729451109016048)
(0.23607934222549537,4.235864055588702)
(0.9589652523145967,1.0427906512632863)
(0.46911403931794327,2.2430333488203402)
(0.3852145850818818,2.6389424750743844)
(0.49085137944731927,2.037276540051621)
(0.3850420921714756,2.5971186536007536)
(0.7010463216645132,1.463308236616497)
(0.6217008698326323,1.6084905917361985)
(0.31349184701553856,3.5608142265521874)
(0.1,10.392386011561493)
(0.5152463072665429,1.9408193438690449)
(0.4626013626209182,2.1616884012930515)
(0.6960565175466443,1.5693615529303757)
(0.8594951760562335,1.1634736620494701)
(0.36762024454737274,2.8336157557218185)
(0.2819638313596924,3.546554163269017)
(0.43830120622513374,2.281536043700389)
(0.8920169376653484,1.1210549461283468)
(0.4807168519290432,2.153631202181051)
(0.9319833711143779,1.140187428171913)
(0.36613275525660255,2.9154827920358986)
(0.7503874702268336,1.3326448530619939)
(0.8794809414862951,1.137034303790633)
(0.3845756981829059,2.712301523008449)
(0.7509048184986111,1.3317267053891593)
(0.6637832847044284,1.5823892576578447)
(0.5453291260448994,1.8337549788559535)
(0.36213423253945226,2.761406987092987)
(0.47718316556091395,2.0956313469787458)
(0.9395153239761529,1.0763212683444796)
(0.3900036185141119,2.6614998847803433)
(0.8077098867628361,1.2380682920792638)
(0.8088457768832934,1.2363296299243556)
(0.544714746025519,2.073349521181008)
(0.4094039364955647,2.590237354829816)
(0.40303172135206716,2.544232868180094)
(0.550826671674588,1.9421634337750195)
(0.7200734794022708,1.388747160678789)
(0.45290987309009706,2.2079448018592225)
(0.7164629734765083,1.4480595923477462)
(0.49073039105663196,2.0377788256537723)
(0.46320498905631,2.1588713930679058)
(0.5180601156471639,2.1306052316971655)
(0.2638235870435556,4.349727231168004)
(0.1,11.06501363788229)
(0.325937993704621,3.0680682194609163)
(0.39381920692373423,2.539236234340538)
(0.6805545256949553,1.4693899786778137)
(0.12467633036182474,8.036990512188048)
(0.6820803039014993,1.57753339679061)
(0.615108257183752,1.8376323695921877)
(0.647835400156791,1.9513432595149574)
(0.9148708667004871,1.1875240673535628)
(0.54235770953768,1.8438015767350782)
(0.514495995085176,1.9436497262421795)
(0.1,10.033558155764869)
(0.7263637810360735,1.4247420314835466)
(0.6407979652562475,1.6875174205832932)
(0.1,10.26869213705794)
(0.3961355630388484,2.52438834910142)
(0.34061401824858073,2.9358744691188785)
(0.4112165626953809,2.529595050664821)
(0.39548705242545495,2.528527783317228)
(0.513586916865207,2.1544017315667747)
(0.299891208187029,3.5590563241068716)
(0.5470093557765948,1.8281222970680084)
(0.4465427723571812,2.2394271319660253)
(0.6223580486540036,1.6067921065096473)
(0.8461967744032353,1.2947495512931795)
(0.3833699947452396,2.6084461843826063)
(0.932463059132,1.2099052645590862)
(0.8287802261729088,1.3058574597991714)
(0.1,11.444203925653543)
(0.8972494373953829,1.1145172772722942)
(0.3211497098981831,3.1138125589994736)
(0.49665282829192364,2.013478919347295)
(0.265740104782528,4.527023041060878)
(0.6561136904929368,1.655081524768812)
(0.9810988876779442,1.0192652469179644)
(0.5860049129811105,1.706470334715836)
(0.3515966581751293,2.8441681021379415)
(0.25664422026058425,4.019319195212358)
(0.8290438998595964,1.2367519420040853)
(0.47073667244119005,2.4564946584131198)
(0.49144193083418314,2.0348284044517335)
(0.4934037337341847,2.072853132994894)
(0.334260765121097,3.3225517500969555)
(0.1,10.458507319872243)
(0.5363410991300883,1.8644851226615626)
(0.9682151781998313,1.0328282622663127)
(0.5116434018784753,2.25577059855546)
(0.7384047873709391,1.354270742962624)
(0.6383385178226204,1.566566910940939)
(0.5197942870192699,1.9238379970169388)
(0.3531543899704188,2.8316227361176587)
(0.6020565831688769,1.8649195427280454)
(0.6266401355892712,1.5958122424757133)
(0.36156914702544973,3.248937000060571)
(0.3230236953749447,3.1336732831695264)
(0.5199631885856828,1.923213069602164)
(0.7498721025941035,1.3335607452799023)
(0.5263850341153048,1.9344145967138413)
(0.6447180563681976,1.6199313977490668)
(0.31318148945598756,3.374648772924843)
(0.2510454058306748,3.9833431593425788)
(0.4921415316850856,2.2467188800139204)
(0.42241770107000676,2.547301846892992)
(0.3729414271964131,2.681386209940524)
(0.9007027089778914,1.1102442460007589)
(0.6326298947073783,1.6397272955581899)
(0.23176735434777818,4.314671506753498)
(0.9387979338207009,1.0651919481013556)
(0.6623955796986012,1.509671910031485)
(0.42759025752349167,2.3386875224701775)
(0.4378326041119956,2.371348784209379)
(0.27353910089000016,3.6557844810718145)
(0.5956721862368141,1.6787757144034963)
(0.3370826680992595,3.3733512208077343)
(0.63340272777955,1.7957621766278964)
(0.1,10.55415666823864)
(0.472441751099285,2.1166630545949507)
(0.49563881153055644,2.017598252469277)
(0.5007739392550329,2.1277545800633106)
(0.30294865578798985,3.300889378099179)
(0.510722537724995,1.9580103209356754)
(0.28437185158470635,3.516522449136033)
(0.6119725648582275,1.6340601808377877)
(0.6651156232233788,1.5968855698569044)
(0.47152062530572786,2.2401758890578196)
(0.3810293632407604,2.7720863100514106)
(0.5374934343510689,1.9330231379321856)
(0.43634382334987454,2.2917707241112195)
(0.8281486377508421,1.2358578754419298)
(0.7951350640248817,1.2576479710731354)
(0.5129624804150954,1.9494603176255463)
(0.8651050268633428,1.1559290131809232)
(0.366602824956098,2.7277476656644795)
(0.42610577004860134,2.351711411847185)
(0.7005756560489195,1.4273975856365932)
(0.35269404039596874,2.8353186769963634)
(0.8710485050467771,1.1948077483738488)
(0.43887514290765944,2.27855237682122)
(0.1,10.52812880360193)
(0.3365409107560801,2.9714069464938997)
(0.4732026274611003,2.48492408241099)
(0.413638350479595,2.7587663179108435)
(0.28857415775868694,3.4653137611727014)
(0.6451249625212265,1.5500872824574619)
(0.37934119119161364,3.026212968717724)
(0.7597522425629155,1.3162185564950004)
(0.9804071779066794,1.0199843723453292)
(0.6456533935444093,1.548818623116581)
(0.8543902192186589,1.1704253835144571)
(0.5802614961081579,1.7233609445173403)
(0.5138257654298533,1.9734794812762706)
(0.8182972132064618,1.2220498663090198)
(0.5190749839783093,1.9265039365522327)
(0.938020878704921,1.0660743515439128)
(0.5476617074739784,1.9487023685604945)
(0.4812079885005542,2.2136003595070064)
(0.9013650268631445,1.109428444855595)
(0.30668148423996633,3.3916347595877316)
(0.7623163267928439,1.3117913979451545)
(0.5500941990764793,1.8178704696010994)
(0.5332630425607405,1.98373123482819)
(0.9330197049936478,1.183063856766457)
(0.46468160407780146,2.1539358305174385)
(0.2944251339999192,3.9931528108638394)
(0.7905829559561843,1.2648893989758894)
(0.7341824467425457,1.37082238593086)
(0.2814272708872927,3.5533159130142886)
(0.3820406647350381,2.9880015114848537)
(0.3692282566179828,2.7418153500328803)
(0.337957249095737,2.958954135991084)
(0.3563958542763918,2.8058687776555358)
(0.1803243613691024,6.019212562817883)
(0.6875655814313582,1.4544067169828703)
(0.5810662085059132,2.0838787350360004)
(0.5662098532798906,1.7661296323391196)
(0.37977990317834376,2.633104046925838)
(0.7801104457305019,1.281869773021167)
(0.8262178702831617,1.4482444149725928)
(0.8382729273910948,1.3314170957577898)
(0.2564318825395545,4.040491687261858)
(0.1,10.080771843760656)
(0.9097895418480663,1.1533072894229033)
(0.3359126486891749,3.4542552093424828)
(0.8677339826510474,1.1524269188407967)
(0.3652618075332311,2.737762282767604)
(0.5724296536680118,1.7469395472303106)
(0.1,10.0)
(0.8463582341466264,1.1815327832289466)
(0.37825151871425694,2.6437435159524934)
(0.7128268359339291,1.4789156482793673)
(0.797241424092079,1.4310443652696585)
(0.38382506038106473,2.6053535926163645)
(0.8367886972947598,1.195044822226786)
(0.37033095669114274,3.213097315736332)
(0.9423510961433755,1.0899861314201544)
(0.6945629290773159,1.4418227923429312)
(0.6659093595557779,1.626729328189813)
(0.6692393810591815,1.49423364539208)
(0.36095115747229845,2.778399450328449)
(0.4523155132430957,2.585578621380282)
(0.8448224242861286,1.1836807017107716)
(0.5111102248133952,2.0475667318141246)
(0.3159099060188572,3.165459458369464)
(0.29505743207130963,3.426792730409243)
(0.6954842255760684,1.546681102711268)
(0.9286024573404816,1.076887092097517)
(0.7147578816555024,1.3990751633040097)
(0.4641881909548347,2.1542986648216984)
(0.24082013336403793,4.152476730375118)
(0.7518435767072431,1.6138386398617168)
(0.3469422991005031,3.015225289291525)
(0.5765167100852762,1.75468171794393)
(0.28157423254387015,4.243116193509405)
(0.8796977786160523,1.136754035656664)
(0.6823052761660275,1.4656196206178345)
(0.3965634915933964,2.5216643014262083)
(0.1,10.817117846747456)
(0.6940998867375803,1.7020304063834542)
(0.6117970063814047,1.8224972945946838)
(0.4893926925988876,2.1042179244062367)
(0.757075155228645,1.3208728262889422)
(0.3387515256323342,2.9520162252652273)
(0.676734841973354,1.631554411361017)
(0.7937784141729612,1.3046533921659675)
(0.6004349431086881,1.6654593665428703)
(0.34421035831283864,2.905200194734236)
(0.6337881261245142,1.5778143495915538)
(0.1,11.154115666028092)
(0.7582723304819063,1.3187874063193998)
(0.9711419112028412,1.0297156249403505)
(0.1,10.632303193639935)
(0.5964064668508148,1.7649474677201338)
(0.32716189568168724,3.056590676357224)
(0.8655652726470423,1.1553143727010142)
(0.8082830217845954,1.2371904061427836)
(0.6543919140794305,1.7394945028105167)
(0.5014341819584925,1.9942796801251526)
(0.1,10.922772255548482)
(0.3155394883255018,3.4381304888805246)
(0.34627789927294833,2.8878539522724926)
(0.18605920081403324,5.4489259044200775)
(0.4196331868351415,2.3830336383591684)
(0.6274111543691001,1.6068880405407984)
(0.7359465832822366,1.3587942694700963)
(0.24626692630982053,4.263750653202617)
(0.40987580270852747,2.90333357396429)
(0.1,10.58455621349011)
(0.566783815734234,1.8658290673851217)
(0.43276367733477145,2.3107299719759835)
(0.6375373265656537,1.735308079944295)
(0.8693946241203877,1.2678149981506648)
(0.6265985550611273,1.7761435577109748)
(0.5779153946663372,1.8475028752038691)
(0.4821640281739137,2.1614477934023055)
(0.8189531463447941,1.2210710764874233)
(0.7492476214820291,1.3439397208324642)
(0.3394347985913401,2.946073897402435)
(0.7565003277829072,1.3701965556495785)
(0.5224856677157594,1.91392809753399)
(0.309528630592109,3.420975169655403)
(0.7244708495285883,1.3803177873211847)
(0.7335769108143841,1.4330388415359545)
(0.1,10.441472917576231)
(0.6285321585693829,1.6401255300910258)
(0.8297590994472421,1.2316650289905464)
(0.9123315648857107,1.1158987559791758)
(0.6577544760153353,1.52032412771705)
(0.33005519072917444,3.600530265003394)
(0.6831250861533534,1.4638607485943094)
(0.5338649881245174,1.8731327624855636)
(0.19607043889282466,5.29352890962986)
(0.8725312318234235,1.226764943703709)
(0.6806398594975347,1.5936077720768842)
(0.5210998442670643,2.0238740295821307)
(0.8090494017989902,1.2902978002240166)
(0.9550467580273985,1.047069152996708)
(0.18579097594424732,5.382392739570316)
(0.2856791030837397,3.5004310403021495)
(0.5658818388438238,1.7776718903228461)
(0.5464230904850169,1.830083716104271)
(0.4779291801801791,2.4785602204834793)
(0.614971561436729,1.6260914531783344)
(0.6473249039786512,1.621992077452393)
(0.3809066982507392,2.7994241959653876)
(0.32364360017941385,3.2446141490895855)
(0.5864269385482359,1.7052422633851192)
(0.3185376809297956,3.2283123315024023)
(0.2890040767155311,3.4601588024805188)
(0.34025264689101836,2.9389925666626664)
(0.5230497276545614,1.9495296610056683)
(0.11436233253651469,8.744137845218491)
(0.37472800488046026,2.7912472245542945)
(0.1766480564886629,5.906559244893718)
(0.6639373617677582,1.6344982535403938)
(0.4986857295665626,2.005270936606025)
(0.4961449782900265,2.0387242738439695)
(0.5349500460122257,1.8693334217923332)
(0.593997412134975,1.683509018003547)
(0.71220607855089,1.567353755422797)
(0.39111294228773424,2.556806210888105)
(0.44857347459646074,2.2292891948183198)
(0.35502999899681476,2.8608907991690247)
(0.3163744060475686,3.1608119395399026)
(0.18605007223280517,5.930674037036689)
(0.34351681983107174,2.9110656080589044)
(0.4373434707384306,2.2865323639371007)
(0.34555551643867566,2.8962892157267426)
(0.6840004958545626,1.4619872442499335)
(0.9503786342531059,1.0522122067547226)
(0.45138299671891247,2.4197439668171903)
(0.7367897801088367,1.4593095731981245)
(0.6684070875423673,1.5286366146397248)
(0.4393703193999356,2.275984416438819)
(0.4398486143201438,2.7232256281924294)
(0.45079742938669404,2.309399753803512)
(0.15440213466178293,6.586095021064926)
(0.807124338167059,1.2629141804205237)
(0.32660466228725005,3.5779447095578054)
(0.31261367306509436,3.25083592193269)
(0.4143829077784267,2.5759350112811115)
(0.42968954960165884,2.503232150537942)
(0.23213704134185245,4.488383401947407)
(0.5368031948145203,1.8628801200513092)
(0.31118468752512746,3.2135257295372295)
(0.8760013358076733,1.1415507706709145)
(0.8018739885985604,1.247078735834424)
(0.21809747127395007,4.931063291116464)
(0.35231448730389314,3.0070537736295444)
(0.26340578025519307,3.938467027534851)
(0.37398545192948524,2.775286441802581)
(0.34869788964501053,2.8678120220860617)
(0.8098403945114753,1.4357791689497441)
(0.9002197788488369,1.1108398454416963)
(0.8756863388948362,1.3367948402251204)
(0.6866769525988007,1.4920792773588185)
(0.24069402262946757,4.220574412560839)
(0.5718432582330458,1.74873094261866)
(0.31075722283726537,3.2179461216374405)
(0.5206274155187166,1.9282414354856812)
(0.7886970805475103,1.3073331477028478)
(0.49332529689254145,2.1430976441229395)
(0.9143573255992717,1.0936643388782366)
(0.6252793435832562,1.5992851999065751)
(0.41727799614330685,2.3964839010024566)
(0.32147087889822856,3.110701670481887)
(0.6663377621158961,1.595331193612695)
(0.3669372390479657,2.7252616894228088)
(0.6773052762909426,1.4764391109961483)
(0.5272715182456157,1.9369324265413417)
(0.7145323885840401,1.3995166852851268)
(0.3606749165807124,2.7725798330536757)
(0.7158543235976501,1.4180968355279389)
(0.759530939038282,1.346230874453377)
(0.5127228350557913,1.950371490458751)
(0.3328933646152994,3.0039649518266223)
(0.8671555095394471,1.1531956944275286)
(0.7379800454437361,1.355050188923083)
(0.9135616806522693,1.208431375762154)
(0.5438683356367028,1.8386803100594322)
(0.7826484674013553,1.2777128451044206)
(0.3817479324463595,2.6195295769951885)
(0.44669808908935604,2.2386484841218186)
(0.45472596273068555,2.260691972881246)
(0.32214665911436746,3.104176224422626)
(0.46841545803611784,2.250511450304286)
(0.43441364194133436,2.7837536540743275)
(0.35988799366265495,2.808109828345356)
(0.796553681869882,1.2571776223578712)
(0.2864939242536447,3.4904754179521773)
(0.41920026837556873,2.448464477451398)
(0.3762273748913054,3.16327343876051)
(0.39033300470254945,2.678571986721489)
(0.7153941810017092,1.4654263333637918)
(0.26282428804722685,3.8048233952423383)
(0.4042093505961746,2.567096094407457)
(0.6721329006086737,1.487800997532504)
(0.7358257919783276,1.3590173257061544)
(0.44141487380827976,2.389433798703865)
(0.4414582906916204,2.6515216209079537)
(0.3033063031851148,3.64462848835232)
(0.5021477901610896,2.1404321114368816)
(0.5458844876698006,1.8318893879338238)
(0.1463605379727884,7.303717036091473)
(0.5405390882971635,2.044276780474739)
(0.7823352052406198,1.2782244660617488)
(0.27298606104705747,3.6631906997904173)
(0.17076039589147354,6.616759195660869)
(0.8979068289604297,1.1137012970017957)
(0.5795627771325922,1.7254386227968888)
(0.8417821065256194,1.2293312572331978)
(0.1,10.68357466907222)
(0.1953134887485946,5.1199740806800556)
(0.5996717099116305,1.7386935088885458)
(0.2740992463516627,4.117105123836768)
(0.8770129590368535,1.1402340064600782)
(0.41618965516109996,2.4101464788452205)
(0.7750205250127155,1.290288408792262)
(0.6515227030062078,1.5733890832797495)
(0.596720601514864,1.67582616967028)
(0.6016087930074335,1.6622097476351945)
(0.3557468419082693,3.2139552732671617)
(0.4691446176588597,2.2364734728545677)
(0.7892013730089418,1.267103725614869)
(0.3789211510679349,2.9569198985351925)
(0.9524723987501262,1.0498991900576242)
(0.5544282201502095,1.803659993585956)
(0.8915026038340204,1.121701715395303)
(0.3483113593889178,2.870994508345676)
(0.45403141145371995,2.2024907853802342)
(0.34765357170953054,2.8764266539321337)
(0.34498354701003414,2.8986889626099015)
(0.7610989345900422,1.3626804910994672)
(0.9106776801760743,1.0980833523960483)
(0.38014452541836097,2.6305784593358768)
(0.5118976381454874,1.9535155575689296)
(0.5300293111736478,1.9119048307005266)
(0.9501578761607707,1.0524566759795988)
(0.705282024801644,1.4178725174248463)
(0.7280628507874208,1.3735077938923423)
(0.9420277787353425,1.061539821407904)
(0.7013230612108894,1.6293906302643657)
(0.38863505498071516,2.8570140360273912)
(0.8037014868919317,1.2442430632636907)
(0.28070188989624345,3.562498280184834)
(0.1739109519101968,5.851076997377996)
(0.47591561890481093,2.403559223591883)
(0.500198699837634,2.1570485406216395)
(0.4365728994784157,2.320816176863991)
(0.8742443046424565,1.2047982848099343)
(0.2385243898303197,4.19244338372011)
(0.9596281442525928,1.0672898197729717)
(0.556141410738643,1.844839878673478)
(0.2640320484517132,3.787419011684418)
(0.30572980556519064,3.2708619892369977)
(0.8395628893213062,1.1910960009301859)
(0.38731314805260586,2.8989794886451157)
(0.4207662359198568,2.3766165500752527)
(0.3082302560160992,3.2443278376531888)
(0.3346306194461711,3.3445020587098844)
(0.4924019965792059,2.0308609773054482)
(0.26538905019317666,3.7680529745748745)
(0.4671682038388075,2.432643087047952)
(0.5936165044049488,1.7716403938113148)
(0.6586864787200212,1.5181729583142942)
(0.43568995702985597,2.295210123311321)
(0.2378388839367589,4.348392311028412)
(0.7573755542134704,1.4000999323817382)
(0.643274943825817,1.5545452369908805)
(0.7369297409830009,1.3569814656497456)
(0.732864115965457,1.364509433897749)
(0.8275852856544599,1.20833467841226)
(0.26213698526666507,4.007485429604537)
(0.8482657492991166,1.1814544054590457)
(0.6648143485341487,1.5041793279656241)
(0.564224373569332,1.7723445615685014)
(0.5924768514108131,1.7893136146544677)
(0.9917123191566455,1.034337513552354)
(0.20031848178079553,5.856008895711238)
(0.5379170065637191,1.8590228377201246)
(0.9626256556845488,1.038825418889208)
(0.1156258632650474,9.603018089291838)
(0.257486838152955,3.8836936566286533)
(0.8726382028915374,1.4538142351781922)
(0.5947919059360735,1.8007240412631011)
(0.9467883959550453,1.0562022140029284)
(0.23749954996808886,4.210534294209665)
(0.9524911001032309,1.0579330372909588)
(0.38961996680371963,2.5666035757961394)
(0.5727364608036023,1.7460037354648372)
(0.2486263682217374,4.105488815730783)
(0.8226922590499178,1.2385282282747538)
(0.2543731805963419,4.505245955610317)
(0.7275807397739342,1.374417910389861)
(0.3444203726346603,3.099277217135528)
(0.6293282031795691,1.6553892284522056)
(0.2580562031049366,3.8821652674846185)
(0.26942107553424444,3.711662118552029)
(0.6736625860124944,1.484422648315893)
(0.15346419708700737,7.333079531594415)
(0.28216510267435524,4.326611571342763)
(0.3282368584419585,3.4536128352228235)
(0.39524261911435454,2.5300915226216345)
(0.7268804402554553,1.5460617385402988)
(0.5250061268938659,2.004265970131402)
(0.7944031263103769,1.2588067278190638)
(0.6544013614122212,1.5284502622340668)
(0.8601088412747628,1.2986648204651141)
(0.7348849366002288,1.3996484053727487)
(0.6226282564748472,1.6060947918774673)
(0.3093501339914261,3.2325830511122904)
(0.2201178376674866,4.543021186273034)
(0.877820241480794,1.139185396674268)
(0.44244208606768576,2.2601828159878483)
(0.5102283600993592,1.9599067362803297)
(0.2201647805538654,4.542052536669645)
(0.7586985586511802,1.5974747630448316)
(0.4953150031271963,2.1496914652314403)
(0.22743566931118248,4.533297773028445)
(0.8685245148976783,1.1513779782229991)
(0.5760297025576567,2.00246446062344)
(0.3274928993127398,3.0535013189554645)
(0.7317299789730873,1.3838011963169572)
(0.2894578980971244,3.9346647354818023)
(0.5278329569113378,2.0394427140233504)
(0.4885074598422776,2.0470516465047757)
(0.38574335909113333,2.6112279030551404)
(0.5818294238610262,2.0500260152342835)
(0.702204310288375,1.5115905148027478)
(0.6708892615163013,1.590287004954989)
(0.19325174466338002,5.227109460357853)
(0.3410750791394295,2.931905791895179)
(0.9456043646956527,1.174569569489279)
(0.47696740703969176,2.248717099255021)
(0.2784038458066086,3.5919044045628716)
(0.42626047579247633,2.3459833993308052)
(0.23939078413248063,4.535373985179683)
(0.350058352142178,2.8566665925281076)
(0.8496143156462076,1.1770046497385236)
(0.8302141117262702,1.2045085549325254)
(0.23661238382963973,4.575927100342665)
(0.5882166335108285,2.0320905696368157)
(0.4476014416519929,2.2341304270809146)
(0.9651508358237008,1.0950368169220939)
(0.2538801853386606,3.938865881423796)
(0.509113885922451,1.9641970640579258)
(0.5829742724190913,1.9514941542756006)
(0.5088195178150654,2.2255602658307225)
(0.4319252654987419,2.625523466016635)
(0.6439853912382963,1.5528302560981018)
(0.795486604251318,1.6625840820120439)
(0.37762067629130613,2.77749109115933)
(0.2900965573178302,3.4471281191537844)
(0.4970137270010183,2.0120168632645252)
(0.6505567071677139,1.5371450159258746)
(0.48766502611896484,2.4437875660543615)
(0.9814454223076865,1.0933765302718035)
(0.5607841510634383,1.9034860018335744)
(0.8385399009054244,1.1925490950642146)
(0.3972643244842733,2.574208311875891)
(0.4279891919733204,2.455256972956197)
(0.4439616079273526,2.392504257962017)
(0.2938263594900212,3.4033706224848133)
(0.5752544846989203,1.738361067316816)
(0.6576852150437749,1.5266103334155232)
(0.738777355878947,1.474781452386336)
(0.9455100227858138,1.1022195266340502)
(0.5579256085759507,1.7923536482800992)
(0.43519303506302687,2.299458515510418)
(0.38843845982426406,2.574410372372541)
(0.6682313309952177,1.6287311230774342)
(0.5310516763186329,2.0005100918381657)
(0.9759109918764648,1.0246836118499059)
(0.2184061701111959,4.976531953992728)
(0.1,11.111101911899684)
(0.7261080024283313,1.5766467151718357)
(0.8611255746248818,1.2093149569054487)
(0.2086232303577124,4.793330053826539)
(0.7752250786774438,1.2899479486732146)
(0.6256696556816221,1.8061752935917383)
(0.7740390569246273,1.291924472097247)
(0.940018160800289,1.2043628798591481)
(0.28557713783176464,3.5016808684072833)
(0.7852403137740813,1.273495492346444)
(0.11640559468127126,8.778874663484505)
(0.9926133878784615,1.0519064558028997)
(0.7603701521649514,1.315148940490058)
(0.848333595209425,1.357214734274655)
(0.8267115907680643,1.209611684615357)
(0.6700073922929402,1.5398007349632588)
(0.9719569881514976,1.0992786333845395)
(0.639092373691417,1.611588920589439)
(0.31703560312907886,3.1767977656932995)
(0.5298065508353037,2.044466443600408)
(0.7095532116785261,1.4419455474947513)
(0.3754607535755523,3.025810712683125)
(0.2954467312365405,3.3924757918314956)
(0.911536540708204,1.0970487252470051)
(0.31007095629826803,3.4003465056556537)
(0.6521601630797671,1.53336566170738)
(0.8455999849693698,1.1825922632155947)
(0.780675336284306,1.4960894535589104)
(0.25922882217563986,3.857595739575796)
(0.570016051035336,1.7543365633014583)
(0.6299998854880144,1.5873018758176023)
(0.6739995111356333,1.4836806013628747)
(0.4680449074809463,2.1793867886304548)
(0.6184499234519969,1.616945789916681)
(0.789844335121808,1.3109046732216083)
(0.40657162969694727,2.459591193673267)
(0.35653785524705756,2.8543677509671177)
(0.21731237711359705,4.629083160950574)
(0.4743264486492732,2.2504010915759918)
(0.3249170295333548,3.2047838358863943)
(0.3868888583528015,2.584721628473742)
(0.4015600164663393,2.4902877751620593)
(0.18366818097023732,5.444601208099545)
(0.7523905052864693,1.5638599235909076)
(0.14074045905036214,7.326610434172627)
(0.2155910536663184,4.638411395065366)
(0.266536474884293,3.751831716218627)
(0.28452383158087313,3.514644078999617)
(0.2470434803566505,4.047870433805114)
(0.13991155785222617,7.537514100766645)
(0.42422659650253164,2.3572308012848326)
(0.8215787248703933,1.2171688113731929)
(0.4058776474666341,2.4637966792251276)
(0.7728466809527768,1.296894154757621)
(0.32864765285016995,3.641554244256086)
(0.5356747543277492,1.8668044217520774)
(0.6422519568785414,1.5570213360815242)
(0.23876150568019938,4.188279836614091)
(0.30817764451368784,3.244881703142437)
(0.6856370770810047,1.6158601873050125)
(0.4274212298607184,2.33961237799504)
(0.7929356600606572,1.2611363700347429)
(0.3541218095341917,2.8238870724042386)
(0.14402582444162165,6.943199276080746)
(0.43021260352378565,2.477549309569103)
(0.8541565299638612,1.170745600975865)
(0.6815299036865448,1.7055365896296535)
(0.8943151443143019,1.2967635644144602)
(0.8971082480678108,1.1146926830221406)
(0.19018872857150831,5.712211065742214)
(0.8749386452600001,1.373814850912247)
(0.15169641174730392,6.592113738760026)
(0.44591522338301526,2.242578740446047)
(0.7909290885804189,1.264335848103434)
(0.39419507764716255,2.9813178939742215)
(0.5712405039463155,2.1188154534251993)
(0.3119980158364957,3.2051485882655597)
(0.66317294276323,1.507902291419368)
(0.7923035136733211,1.262142578875796)
(0.37128166971077586,2.818088987990815)
(0.3765028264032694,2.864602100270015)
(0.5769649093168225,1.7332076593429024)
(0.8258370098147628,1.3143555517278185)
(0.871675683863825,1.2295803452070564)
(0.6312714534743896,1.6715444131917816)
(0.7198768932335033,1.461200887585076)
(0.13414234903127853,7.663890179415342)
(0.32465232595079774,3.5871501882113845)
(0.42378090281797615,2.819727648735633)
(0.16948295332171542,5.90029840996329)
(0.22532408751708966,4.438051923428538)
(0.6132423392559053,1.630676709656704)
(0.3257649715974811,3.0696977489513864)
(0.590200896266634,1.6943383283989997)
(0.9175811191925936,1.0898219013921397)
(0.2247831032235595,4.4487329592805)
(0.7409827260385178,1.4240519992459637)
(0.2973421252509515,3.363129254410278)
(0.11512397227721073,9.05870731929345)
(0.20780643833096396,5.713740649045208)
(0.4225097144938942,2.366809485547228)
(0.8953587308124521,1.1168707754629208)
(0.15636662059480178,6.395226783031492)
(0.24573694416433547,4.069392184397208)
(0.41059417806345433,2.435494835110539)
(0.292287931462169,3.6503285659746343)
(0.13689306558234546,7.304971919110605)
(0.83762044303114,1.1938581589308503)
(0.24115593597033372,4.146694527656234)
(0.4130372876970679,2.509077589448309)
(0.5218965607087406,1.9160885035187631)
(0.9936702979664288,1.0063700223771659)
(0.8247789358306226,1.298970156683432)
(0.23993217033654998,4.4602728582695885)
(0.3422929971184808,2.921473732791154)
(0.6845494710501525,1.543152078116192)
(0.1,10.809695198626223)
(0.18092065528332008,6.14011694981064)
(0.25328291603262076,3.993613555716236)
(0.499589928072878,2.0016416340845935)
(0.2721397389536131,3.7911417510674843)
(0.13740443389319065,7.600194236038225)
(0.20433591141297436,5.686246933615571)
(0.35760861958800105,2.7963531783772284)
(0.3338565851600802,2.995298114370013)
(0.6727587442470644,1.4864169489453107)
(0.11178168678359854,9.038947724703686)
(0.2920285713348239,3.6655375180931147)
(0.47560861822194567,2.301971382643407)
(0.1,10.716360191506856)
(0.35102639142574815,2.903361590963315)
(0.9479234763231126,1.0549374764710822)
(0.14195944078194517,7.044265562697138)
(0.10845749031202001,9.220202284997674)
(0.8229923673586877,1.2150780975155342)
(0.21491961200794352,4.652902499949794)
(0.5992625187662654,1.8562139375013273)
(0.9862679934592196,1.1972281903070712)
(0.5429494351975009,1.8417921360139997)
(0.9363019613639205,1.0680315125510256)
(0.8663438616640765,1.2410555153800908)
(0.20917485586807397,4.780689322576598)
(0.8983661592733828,1.1131318668646433)
(0.1,11.200554433880402)
(0.5595003112118427,1.8270934544851232)
(0.9914007871567488,1.1786143533342948)
(0.8939413838533096,1.1186415776944207)
(0.7240418807891063,1.3811355759008543)
(0.8344549233799383,1.2899416620191535)
(0.39293753059130243,2.544933792644277)
(0.4403445809899613,2.270948805028663)
(0.8441555336134954,1.1846158204038493)
(0.1960530533711214,5.100660167261133)
(0.610351392941517,1.639398640771275)
(0.1,10.872837371374304)
(0.49819552148741253,2.0072440575427093)
(0.6564534839361565,1.5233371814921393)
(0.32946358409425414,3.0352368160783327)
(0.7631074053670044,1.31043152375001)
(0.9378160328074309,1.066307212733841)
(0.5388952580301593,1.8556481711405874)
(0.8737494268303062,1.1444928823904263)
(0.7444106117359554,1.3433446329681058)
(0.21008049134458645,4.760080260664189)
(0.3993070337193969,2.5452757541974407)
(0.9773775969763875,1.03035656521761)
(0.1512165853274947,6.613031221636616)
(0.6936917184534894,1.441562546298508)
(0.2648015919439167,3.7764123420065903)
(0.4702130817042517,2.2844233900776403)
(0.7250206206723414,1.3792711151755366)
(0.8358764488116027,1.196349055439638)
(0.5480219127303299,1.8247445526728037)
(0.53953835964599,1.872201245916619)
(0.18237994699600873,5.530041457401556)
(0.27634866849328243,3.7044123473878683)
(0.7561123737009986,1.4343354034404887)
(0.35825384022994283,2.920955366093646)
(0.1,11.402276365847039)
(0.9097689320990001,1.2003330247178166)
(0.2512970983997258,3.979353547526242)
(0.9158037142677617,1.0919370432992381)
(0.5159516335518891,1.9381661670801364)
(0.1231216675189219,8.249994595297903)
(0.5077408311956944,1.9695087307535806)
(0.8702256367204126,1.149127258269089)
(0.24798512922634966,4.125100754828709)
(0.8789371878126591,1.137737729004982)
(0.12320551577750115,8.116519732817128)
(0.21773493936612281,4.920299208475785)
(0.7815291142648398,1.2795428625082879)
(0.9958348423106943,1.004182578789512)
(0.5747327077911624,1.845980148832777)
(0.9973213829289362,1.0597800352498605)
(0.3152316129222398,3.323358508960094)
(0.5652416576137939,1.7981525094122273)
(0.4047340490468276,2.6194828057910726)
(0.13440968487429622,7.4399400678249386)
(0.35960483447166713,2.780830245147299)
(0.4003030106617316,2.684458480726728)
(0.18967414508201103,6.000607684014889)
(0.3068596987659262,3.2588182939031167)
(0.2615625091095859,3.823177883574414)
(0.153116078401627,6.8621774245326375)
(0.25593906240869707,4.223025868052059)
(0.7862429851442398,1.37889315435138)
(0.16936855219658464,5.904283806118319)
(0.1401740989473849,7.1339855758613115)
(0.5511470049863388,1.9040678244548996)
(0.9070758067504991,1.1024436905470907)
(0.9197357603160817,1.0872688038750762)
(0.6761109354036374,1.6649723498931603)
(0.12116970964526991,8.795139194732235)
(0.662349379747757,1.5097772121124817)
(0.6606824773127271,1.5135863812635377)
(0.18421455079196639,5.428452832313451)
(0.28380256226033884,3.9990024382391813)
(0.6087887486249784,1.6426059158593496)
(0.8057605717259783,1.2410634561802292)
(0.12453642087099213,8.801551841144764)
(0.6237561384498927,1.6031906355023895)
(0.7062752205768734,1.4158786417329172)
(0.6556511565934826,1.5252013055168312)
(0.42175234961144314,2.517804165585708)
(0.8041674512418098,1.4784683861742938)
(0.6141214247334261,1.6283424738586079)
(0.4116505374386562,2.5738226714734527)
(0.8958069349345273,1.1163119652261766)
(0.9617579791346773,1.109941521599369)
(0.4292709398734565,2.3706892146149428)
(0.30396485127087963,3.4541072477588943)
(0.10830686565614334,9.263446459990925)
(0.6605702292379065,1.622634769953175)
(0.9951052463842189,1.0049188300770864)
(0.8591368719869386,1.1703578528577858)
(0.71367816406812,1.4011918121465052)
(0.7881971130223651,1.3662168834657333)
(0.9037876351029125,1.1064546151775267)
(0.31807086546614305,3.143953466264406)
(0.259868636144649,4.0130480842469165)
(0.2882510778324871,3.4691977824316598)
(0.18419306035309507,6.540988748564544)
(0.8908459491570898,1.1225285370003542)
(0.9172241276275345,1.2782914341532576)
(0.45498472594821776,2.2860620221868526)
(0.1893104611767635,5.282328265347561)
(0.11395748805442718,8.775202201038255)
(0.4826132017462703,2.0720527254157903)
(0.28693977365252915,3.4850518883135173)
(0.5888586354733429,1.891122001545551)
(0.8851400136796569,1.157476173883186)
(0.27594601564105065,4.222386452214335)
(0.40894667128806156,2.445306613819094)
(0.5044819299813317,2.141568031312309)
(0.37241929496028997,3.0177882004861107)
(0.9536839082731522,1.0485654537368811)
(0.3917853536630439,2.6672002718453416)
(0.12469517427373869,9.58243852955577)
(0.4489538294791271,2.22740053506213)
(0.41523987675761104,2.8882566114759674)
(0.5536473059643928,1.9962209006314002)
(0.5569108883472432,1.7956194086413397)
(0.8243121170577364,1.2131327191566177)
(0.5870343845167969,1.780670339760297)
(0.6924868234174482,1.4440707984376697)
(0.4503646524072138,2.2812676187418255)
(0.23268854279658255,4.297590194950874)
(0.43154518989050256,2.3172544230043055)
(0.1,11.334359556187188)
(0.8025549521940442,1.2460205961799573)
(0.27170709226959866,3.680433924808116)
(0.8644068485920229,1.1568626528455161)
(0.8994895089339554,1.19820922625893)
(0.6207843281377987,1.6108654079585991)
(0.7849590262889192,1.2739518452673106)
(0.3192370005182521,3.2075006649326014)
(0.7051170525118559,1.4814409880135693)
(0.8615228900925758,1.3390915581482046)
(0.13059961907763326,7.656990173957268)
(0.29340139506118346,3.616174237238195)
(0.2548244413337507,4.289147346764657)
(0.9649250487128034,1.0363499230681037)
(0.27448396256673013,3.643200100468124)
(0.15417218430465132,7.557272526755076)
(0.7117224273128677,1.4050421366873798)
(0.22910657478951843,4.440284224579339)
(0.6588754388884405,1.7599323117925312)
(0.21430665300321325,4.666210712483137)
(0.2964214209732663,3.3735753533486643)
(0.2044371959364057,5.02023585836771)
(0.9746337849929576,1.0604565634635856)
(0.6362732879673123,1.5716517083322437)
(0.590298166635957,1.6940591323515162)
(0.4255065628885188,2.6275381836506324)
(0.21915064223428204,4.5630712728231675)
(0.6670746361791106,1.7095474880305117)
(0.8471229612408785,1.180466172862538)
(0.2979905697004367,3.6232787478042225)
(0.4941284804507932,2.2053339815782658)
(0.892753372660442,1.1201301844651212)
(0.44513010271262177,2.2605898775896427)
(0.2996519750415764,4.189655325812325)
(0.1,11.488509016325006)
(0.46683730862772277,2.184935835201881)
(0.6481036235448857,1.8088485036567066)
(0.10576383563671464,10.094460118167806)
(0.24227649658369366,4.127515520906309)
(0.8110670623694866,1.368210021540254)
(0.22128615861776357,4.519035470841807)
(0.2777532143422659,3.600318370277198)
(0.9677342705171819,1.0333415178792569)
(0.9431454629284541,1.1469369580278426)
(0.7869504290358964,1.2809512645591434)
(0.8397206612020511,1.190872210490225)
(0.5174943090777422,1.9653846097347674)
(0.1159170263482904,8.626860362992295)
(0.2909575339751057,3.700042819235217)
(0.21707545418332747,5.12066761348489)
(0.5735927036019214,1.941748531498064)
(0.5920539412104423,1.7989871133674344)
(0.8850467899869324,1.1298837658230079)
(0.13138809376428806,7.611039717145245)
(0.2131462205212783,5.000108094070793)
(0.5285515487268582,1.8919630495998683)
(0.9797006117814527,1.020719991367195)
(0.1,11.27964805815028)
(0.5027409430472329,2.0397125002485996)
(0.23584546064094825,4.388052721537124)
(0.8343048913450595,1.2344308286346046)
(0.9724927805521694,1.028285268536608)
(0.6497281174251626,1.5730741631199805)
(0.1925712197767793,5.192883968638508)
(0.815526037008812,1.2358495231178694)
(0.18294542522866147,5.46611099321074)
(0.11208281940685222,8.921973994694719)
(0.14649360375356463,6.826236602672607)
(0.5839502569367198,1.7124746296812843)
(0.23132187165158963,4.32298075776497)
(0.9410853342006885,1.225919329259743)
(0.5238692006391961,1.9088734340172233)
(0.8415171408855652,1.1994499293954792)
(0.22766644150350585,4.392390874105181)
(0.28283695534139736,3.5356058715628356)
(0.815673706044528,1.3126352436584936)
(0.9020779884485315,1.108551602860727)
(0.5494166275936145,1.9394415482508949)
(0.16271338066548496,6.145776062854072)
(0.9513513319026035,1.0511363851250455)
(0.5856561524564523,1.741673343733105)
(0.6750146088596293,1.4814494188346554)
(0.9601385685442074,1.06089028907256)
(0.9739963298901663,1.0266979138543222)
(0.313915861386293,3.185566971939139)
(0.7673881884987608,1.3031214383899978)
(0.39788789874448166,2.5132707055315264)
(0.9187021663985847,1.0884920451642255)
(0.6160977457858545,1.9864670440601346)
(0.32076176407553536,3.1175785645215264)
(0.4650902969244516,2.150120109176215)
(0.9203625362110515,1.235187234794503)
(0.26085406104522046,3.833561172071017)
(0.30506860330395563,3.277951218741603)
(0.7098664057235828,1.4087157695266301)
(0.14206159399069318,7.039200194146157)
(0.706996022216645,1.4144351150162053)
(0.13292118211423223,7.523255391609456)
(0.4781949686389394,2.0911972429284362)
(0.7165974653351066,1.451522596995657)
(0.2338454114997673,4.276329364713642)
(0.7397206775436845,1.4141603651117125)
(0.8803339947153235,1.1980816732249202)
(0.4800517174654262,2.2194823528508265)
(0.9490190428622147,1.053719635576572)
(0.14583338014681085,8.735350401528947)
(0.8312935377816625,1.2029445130399268)
(0.19172010594856062,5.964082226503933)
(0.12396143344427873,8.06702514011751)
(0.1735394166447196,5.762379633021704)
(0.4565085076053774,2.1905396796338272)
(0.1853061090420418,5.39647616136132)
(0.6534529633241691,1.7050384392647497)
(0.19981525719761267,5.004622840241989)
(0.7793354586630203,1.283144490455417)
(0.21237013862009577,4.714341174742037)
(0.783376417022929,1.3045540884772262)
(0.23454283521290742,4.263613506216231)
(0.9632793422526987,1.0381204663451282)
(0.4600916556944186,2.1734799743122815)
(0.821301247522608,1.2175800329250965)
(0.8550475038641391,1.2408838595335208)
(0.20053830273794326,4.986578555552883)
(0.46202616007444947,2.2126194280134506)
(0.11199987826663359,9.396610768754625)
(0.19610139835744664,5.734538258801332)
(0.9783888256444471,1.0220885335043743)
(0.6193574806553336,1.6145764461291625)
(0.6179780308873901,1.6181805016013961)
(0.8192763250032448,1.2205894024778996)
(0.19095853928383844,5.236738842632286)
(0.10839149305376372,9.405126523977781)
(0.8426121729375677,1.186785608038081)
(0.11490459599743472,8.702872076782075)
(0.27960543598458176,3.6233579967072256)
(0.2104805721388277,4.966621938854315)
(0.36265881634289077,2.757412628442786)
(0.9442776715694493,1.1436258492226214)
(0.18807408990769736,5.702638296809214)
(0.18183848342194595,5.499385945050786)
(0.203213500738022,5.2201584790360895)
(0.13072642325760075,8.943933330744123)
(0.3003813732937118,3.3291012323264257)
(0.970729807283209,1.0561972118734893)
(0.7548444106915247,1.3247763192468822)
(0.15226172403634702,6.687145977386854)
(0.8175825592652376,1.223118067609834)
(0.8577184298788946,1.1658837739340577)
(0.20586674802828067,5.736485297131713)
(0.1760697548006958,5.679567175702389)
(0.3303020763302335,3.47564367476632)
(0.2074566430013175,5.378013786759962)
(0.7413156614711917,1.3489530195752664)
(0.40765656955513835,2.45304522159735)
(0.13248054084625432,8.025486914569965)
(0.15469512542260994,6.46432780133253)
(0.12591710214357987,7.9417329574478845)
(0.3025294997976871,3.305462775262372)
(0.9556965943761926,1.0463571868776256)
(0.4839279418876823,2.361243901011579)
(0.25243080613617436,4.8082679336489695)
(0.9292467789249927,1.0988688310091745)
(0.634408251183814,1.5762720584639103)
(0.6799237889835514,1.4707530699800118)
(0.7537574835729843,1.3266866622136464)
(1.0,1.1083952757674376)
(0.18873985198998433,5.347508299347637)
(0.2506176055051354,3.9901426636984967)
(0.968553625677239,1.0324673549188077)
(0.16784900467379893,5.957735656183483)
(0.13188658235790995,9.030310156039961)
(0.5977582706597075,1.8438947872366402)
(0.13378422846168644,8.333657864991702)
(0.1631521046046124,6.504317733755092)
(0.5046874487653521,2.021443944770092)
(0.2703295924177346,3.6991880580159395)
(0.904132014735129,1.1131611561053472)
(0.5526630256640986,1.9632039660864369)
(0.6996967095898846,1.5561201107338138)
(0.7032465849380478,1.4453578278232757)
(0.1411694117147733,7.0836875202147676)
(0.7084908666172591,1.4114507993230347)
(0.9662364566842594,1.0349433547887479)
(0.8126323120386236,1.4071376348261655)
(0.17101922214909707,5.8472959205029325)
(0.2265024132786489,4.414963997623174)
(0.6974191982477099,1.4338578612583865)
(0.3324572355452338,3.007905658482626)
(0.7477635309952555,1.3373211697941778)
(0.1801785644920249,5.550049767680673)
(0.9333590266844156,1.095707525115412)
(0.2690866183094587,3.7162754739812676)
(0.3644595301745536,2.9002749471841804)
(0.15891363137251507,6.292726378241679)
(0.6780997360525165,1.4747093190470633)
(0.5608063607365358,2.033572673190608)
(0.10566317929428548,9.651050075611941)
(0.7765578901637884,1.2877340024052606)
(0.12694281970843901,7.877562530096542)
(0.21598179071922868,5.064060455265568)
(0.9081295214908338,1.305420483568175)
(0.4571319768656622,2.2298151522732543)
(0.7665027083628545,1.41794738815137)
(0.5071860367276398,2.198906628017509)
(0.9974989260825342,1.0025073449725788)
(0.1255945292193568,9.185614754030475)
(0.8567142519496073,1.1672503378160457)
(0.1560009075255463,6.410219118989693)
(0.9581533632776387,1.0915450941954532)
(0.14389450614901153,6.9495356477643355)
(0.5634346090392046,1.7748288513998942)
(0.16001925374036569,6.3878698410753465)
(0.6083797089919512,1.6437103098933727)
(0.5696319336106029,1.8665990020578234)
(0.9314609800340878,1.1754720153730618)
(0.16114686522258512,7.47657481849127)
(0.1362400566884342,7.339985201906429)
(0.4591462813750802,2.421802429328347)
(0.2671303331096874,3.9075059445257847)
(0.22940492049144845,4.359104407428249)
(0.2120939740357048,4.827417356020981)
(0.24865908639902662,4.589435359799319)
(0.17012463691352087,7.416925305849588)
(0.6050263885472541,1.6528204701965614)
(0.7778428364716137,1.4915503499726033)
(0.112826631344312,8.863155693697076)
(0.4866424852426403,2.1336275527932207)
(0.20542100684699094,4.868051302780616)
(0.13926573463150774,7.4470642543706775)
(0.720553311948968,1.56060633484417)
(0.16161833544120124,6.187416775888107)
(0.24279870124916753,4.11863817580214)
(0.1617624373950258,6.719794365269326)
(0.5671804157699584,1.9366062286269299)
(0.4849750749687079,2.0619616380584573)
(0.8136269073623291,1.2656351357520665)
(0.881943027243067,1.1645722975869206)
(0.8632466071769495,1.1584175271424133)
(0.8500619726322173,1.2046010235192894)
(0.17670518519147682,5.65914349890981)
(0.9356782780719403,1.0687434168725185)
(0.10882721378434213,9.188878086887843)
(0.14274573076897148,7.142801321701928)
(0.9064058713529213,1.1032585198365696)
(0.14473022243014014,6.909406917291862)
(0.2023260290278922,6.471513659422828)
(0.19521457633166306,5.820924371621834)
(0.15994910503136361,7.208049178719334)
(0.6024346189734003,1.659931166811238)
(0.73165212720403,1.6130809567037807)
(0.8324208466798121,1.290085005196675)
(0.15716968324858588,6.483837078628962)
(0.12658943137198259,8.154763637074632)
(0.18671128783703,5.6068210732273185)
(0.1746009268354565,6.65244618809749)
(0.19361871549491688,5.164789971072054)
(0.17292928555129344,6.62856828538825)
(0.12123351738388466,8.248543980073682)
(0.14887397352487594,6.867205760330856)
(0.7436433121061189,1.3447307112435898)
(0.12281883944171526,8.622278580774214)
(0.8832280359171449,1.2111145731779356)
(0.1588910108576286,6.29362224207908)
(0.6056876521595429,1.651015992210771)
(0.22402247014472634,4.46383793265901)
(0.11438703299809981,9.543230831301136)
(0.7186271665857984,1.4421088528261934)
(0.13761739115338922,7.266523450407468)
(0.15042691124309693,7.927284206333237)
(0.13539800495160795,8.337062076896759)
(0.2218104341260864,4.748375473660614)
(0.10404239123182199,9.611466904599016)
(0.10738699199601238,9.674671140370181)
(0.9219314873068541,1.199432269980369)
(0.7452019820335126,1.5279042618992449)
(0.7638842986771865,1.4706177495682218)
(0.9824214149338656,1.0641247626360375)
(0.24511567153586974,4.079706506459184)
(0.7228984673926575,1.3833201273849554)
(0.7977054809544043,1.2535954984332853)
(0.127027991633896,9.090412522611327)
(0.8010922778900009,1.2482956428364316)
(0.72875694807527,1.4111018847402934)
(0.7717440000991117,1.3934974370220037)
(0.1480225144436712,6.803455084999749)
(0.1,11.894307554237466)
(0.9867077191289777,1.1450977056276788)
(0.6882015198268079,1.486580606099796)
(0.1296480470740148,7.713189844110106)
(0.178482110473609,6.035920187723577)
(0.1,12.350344056224772)
(0.9848755460143669,1.01803004805334)
(0.12348002299817142,8.431814394931209)
(0.8897149065055608,1.1239555420371614)
(0.8529540111161971,1.2993645057307641)
(0.11983930189746335,8.778010754646527)
(0.16732928213519663,6.0424145316107385)
(0.6918818221148982,1.6421997955076808)
(0.7693381659750999,1.2998185248388752)
(0.886837504654818,1.1848450937804433)
(0.19808066541057318,5.591579453249337)
(0.9901563135104233,1.0213886070241633)
(0.1,11.881273525358521)
(0.11307437604926995,9.815713256085107)
(0.9278325502477587,1.17025479200472)
(0.11087591046309381,9.270562968160435)
(0.12855997283311993,7.778470840983077)
(0.16439348013164845,6.1237358392405135)
(0.10304856598224868,9.70416221194443)
(0.10050094728885217,9.950154968448965)
(0.9237200024171105,1.0825791337020814)
(0.1,11.58442930541158)
(0.11702862908901043,8.544917664885343)
(0.1,12.123965502321402)
(0.1,12.376528395994736)
(1.0,1.0)
(1.0,1.0636901100575238)
(0.1,10.0)
(0.1,12.840908898189493)
