(1.0,0.0)
(1.0,0.0)
(1.0,0.0)
(1.0,0.0)
(1.0,0.0)
(1.0,0.0)
(1.0,0.0)
(1.0,0.0)
(1.0,0.0)
(1.0,0.0)
(1.0,0.0)
(1.0,0.0)
(1.0,0.0)
(1.0,0.0)
(1.0,0.0)
(1.0,0.0)
(1.0,0.0)
(1.0,0.0)
(1.0,0.0)
(1.0,0.0)
(1.0,0.0)
(1.0,0.0)
(1.0,0.0)
(1.0,0.0)
(1.0,0.0)
(1.0,0.0)
(1.0,0.0)
(1.0,0.0)
(1.0,0.0)
(1.0,0.0)
(1.0,0.0)
(1.0,0.0)
(1.0,0.0)
(1.0,0.0)
(1.0,0.0)
(1.0,0.0)
(1.0,0.0)
(1.0,0.0)
(1.0,0.0)
(1.0,0.0)
(1.0,0.0)
(1.0,0.0)
(1.0,0.0)
(1.0,0.0)
(1.0,0.0)
(1.0,0.0)
(1.0,0.0)
(1.0,0.0)
(1.0,0.0)
(1.0,0.0)
(1.0,0.0)
(1.0,0.0)
(1.0,0.0)
(1.0,0.0)
(1.0,0.0)
(1.0,0.0)
(1.0,0.0)
(1.0,0.0)
(1.0,0.0)
(1.0,0.0)
(1.0,0.0)
(1.0,0.0)
(1.0,0.0)
(1.0,0.0)
(1.0,0.0)
(1.0,0.0)
(1.0,0.0)
(1.0,0.0)
(1.0,0.0)
(1.0,0.0)
(0.1,0.0)
(0.1,0.0)
(0.1,0.0)
(0.1,0.0)
(0.1,0.0)
(0.1,0.0)
(0.1,0.0)
(0.1,0.0)
(0.1,0.0)
(0.1,0.0)
(0.1,0.0)
(0.1,0.0)
(0.1,0.0)
(0.1,0.0)
(0.1,0.0)
(0.1,0.0)
(0.1,0.0)
(0.1,0.0)
(0.1,0.0)
(0.1,0.0)
(0.1,0.0)
(0.1,0.0)
(0.1,0.0)
(0.1,0.0)
(0.1,0.0)
(0.1,0.0)
(0.1,0.0)
(0.1,0.0)
(0.1,0.0)
(0.1,0.0)
(0.1,0.0)
(0.1,0.0)
(0.1,0.0)
(0.1,0.0)
(0.1,0.0)
(0.1,0.0)
(0.1,0.0)
(0.1,0.0)
(0.1,0.0)
(0.1,0.0)
(0.1,0.0)
(0.1,0.0)
(0.1,0.0)
(0.1,0.0)
(0.1,0.0)
(0.1,0.0)
(0.1,0.0)
(0.1,0.0)
(0.1,0.0)
(0.1,0.0)
(0.1,0.0)
(0.1,0.0)
(0.1,0.0)
(0.1,0.0)
(1.0,0.26449031153560953)
(1.0,0.06627056605343236)
(1.0,0.09575055931663896)
(1.0,0.029862700050034715)
(1.0,0.0)
(1.0,0.03341265582783887)
(1.0,0.16342267558605783)
(1.0,0.1369207595548539)
(1.0,0.03357710927161599)
(1.0,0.09553786153515005)
(1.0,0.028250346042665908)
(1.0,0.2221932884976964)
(1.0,0.03270100980993847)
(1.0,0.03781238946399596)
(1.0,0.09178810541385113)
(1.0,0.10917540314792783)
(1.0,0.027952524559619753)
(1.0,0.033216944078678756)
(1.0,0.04252702154509571)
(1.0,0.14502158746324498)
(1.0,0.15690262470355554)
(1.0,0.18364025010284252)
(1.0,0.07379590288867842)
(1.0,0.028903355823471047)
(1.0,0.021524304942906747)
(1.0,0.04678906454204869)
(1.0,0.03371475182517068)
(0.1,0.01830122172056121)
(1.0,0.10284734221793634)
(1.0,0.12223049970507172)
(1.0,0.064401676691124)
(1.0,0.18204445638018907)
(1.0,0.07315697188157853)
(1.0,0.031114868508472587)
(1.0,0.11511308422323252)
(1.0,0.055836087769159985)
(1.0,0.08755079313816305)
(1.0,0.02649873625077291)
(1.0,0.05050522393497001)
(1.0,0.027799627859547944)
(1.0,0.05333353464186444)
(1.0,0.05786787606517314)
(1.0,0.03153791713731746)
(1.0,0.09500301945812129)
(1.0,0.03635939882545657)
(1.0,0.12283186042278821)
(1.0,2.249622913908836E-4)
(1.0,0.07380890784112246)
(1.0,0.1849402591021408)
(1.0,0.05666672114636974)
(1.0,0.025470768546588425)
(1.0,0.1454203819591368)
(1.0,0.15454353697650136)
(1.0,0.10067399642458007)
(1.0,0.0014958911441387375)
(1.0,0.16077702607583189)
(1.0,0.07897997336144341)
(0.1,0.01837933102425521)
(1.0,0.039717405489735194)
(0.1,0.01855053142407025)
(1.0,0.0793068903238011)
(1.0,0.042220195480226506)
(1.0,0.043892025888897485)
(0.47242010365634735,0.0)
(1.0,0.171323618193821)
(1.0,0.01716090165021004)
(1.0,0.08176440734911211)
(1.0,0.284340853685018)
(1.0,0.014857423740768066)
(1.0,0.07165887464956823)
(0.9501849927377756,0.0)
(0.4624503887424416,0.06236875560405252)
(0.44142950002025966,0.11265461554869707)
(0.6861166436912305,0.0038859863034649855)
(1.0,0.12892987178411788)
(0.5923626938944904,0.0)
(0.844649817121361,0.0)
(0.43281776013642886,0.0)
(0.1,0.09688163229300256)
(0.5954826918238434,0.0)
(0.6861334037818523,0.01543894475121997)
(0.6320485640858757,0.0)
(0.7908102369720317,0.0)
(0.3493409910119952,0.0)
(0.6280437061539403,0.0)
(0.5955448009900357,0.10420280177478619)
(0.4241682275200614,0.0)
(0.24113835057340768,0.15514228278635336)
(0.8065378841852392,0.08756206798473137)
(0.2977609792943481,0.0)
(0.7908657914891766,0.0)
(0.1,0.02076070084612472)
(0.6397648689984204,0.028030869388214544)
(0.38458178088499945,0.010019945574456035)
(0.5923590183361025,0.09629131396082108)
(0.4732310758878965,0.11576283806044639)
(0.5955633000690539,0.0159850905518058)
(0.5146142062835607,0.0)
(0.5954646198190858,0.10944365130388885)
(0.5450544656714376,0.010062457930527683)
(0.9388534862973368,0.03951975645100371)
(0.48941973789448734,0.025584238526759978)
(0.8065559041018115,0.047658833460538695)
(0.5966619966034288,0.0)
(0.4969190250928361,0.01480680435169419)
(0.5924296663548276,0.028373841987545313)
(0.5299297398754819,0.0)
(0.4624537465497388,0.0)
(0.638281566901512,0.0)
(0.6279676506090784,0.0)
(0.3459862391844577,0.0)
(0.5137780705673094,0.07706088618747158)
(0.9502154447500823,0.049223757952623105)
(0.6830004620521404,0.0)
(0.6103738364928273,0.009904725709383898)
(0.8058749158442398,0.14051550665740098)
(0.6110724222231716,0.0)
(0.1,0.0964808065408406)
(0.6518913315081589,0.0658658466171448)
(0.5198981396177818,0.0)
(0.6467305287256765,0.049460983116999264)
(0.5258708496285139,0.0)
(0.28074648706405003,0.12090883945954467)
(0.35513886148307783,0.0)
(0.284375902809353,0.0)
(0.6606381633838389,0.0)
(0.41859029278499615,0.06132097399738318)
(0.95030646006258,0.09213726059861652)
(0.1,0.025289052619462626)
(0.6860845013948812,0.09173447554706443)
(0.5298909833731543,0.0)
(0.5833643366090249,0.015586547007751023)
(0.6520958663716144,0.0)
(0.5145389303263739,0.0857214293319)
(0.35517171874391434,0.0)
(0.5343312867404633,0.0)
(0.4337264295881425,0.07281140300098009)
(0.5441880516751002,0.1458142966195307)
(0.3093630727980681,0.0)
(0.3682936461932673,0.07195178302482345)
(0.8446580134503486,0.01936604153450255)
(0.9766424858831525,0.0)
(0.7671589367304829,0.037016006555462756)
(0.7512215209849374,0.0)
(0.27837908032540193,0.0)
(0.5421851742436086,0.0)
(0.6519773732364331,0.0)
(0.6216230315017193,0.1677968771385591)
(0.48947757046173257,0.0)
(0.7965626571123088,0.0)
(0.5250927759827432,0.0)
(0.54417807289923,0.0)
(0.6299742073006818,0.0481273110695184)
(0.39625458168777755,0.0)
(0.7051237599949667,0.24054843719408403)
(0.9396814785329142,0.0)
(0.5376362511015265,0.013452130754017409)
(0.42411864051391224,0.08194770794698544)
(0.6693321486880223,0.019967969003454638)
(0.608432940500051,0.0)
(0.790755591449098,0.0)
(0.5816894163154842,0.0)
(0.8363137773176132,0.0)
(0.6086087624406183,0.08329768219251309)
(0.5319624540610708,0.06330687097292197)
(0.7513153549534041,0.2035238459668458)
(0.5411255113457689,0.0)
(0.1,0.025345233283065288)
(0.42621810615181926,0.0)
(0.9379117870762989,0.008544281030898404)
(0.6283567797301524,0.07153601461009332)
(0.775192121746159,0.046966314237326945)
(0.5146657429397726,0.12729167810866862)
(0.7672358820140885,0.04947608612842964)
(0.6367325847000597,0.0)
(0.6518300070042914,0.0)
(0.5834046598317464,0.0)
(0.8690683628401731,0.0)
(0.1,0.009700340384248208)
(0.6280762620204312,0.0)
(0.641236391869059,0.0)
(0.2411356884131251,0.08490760309631792)
(0.608624211599418,0.04520918765491961)
(0.451859694729468,0.0)
(0.5835610655733202,0.0)
(0.436474421191921,0.002549885836413494)
(0.39538282942017966,0.0)
(0.24660755193705408,0.0)
(0.2661779314505782,0.0)
(0.5965740491805461,0.10706773259023424)
(0.37323253600227435,0.0)
(0.6244295035976962,0.0)
(0.3826736616759818,0.0)
(0.1,0.018300918712811465)
(0.1,0.03319840893606051)
(0.47214017557176063,0.010615522975631536)
(0.6298030355573577,0.09294261082259986)
(0.3389995320092393,0.0)
(0.1960732345697886,0.06622048819552544)
(0.9805743713641644,0.15459842238145408)
(0.8652664314113959,0.0)
(0.622496938277118,0.017497574986526803)
(0.6694389208750867,0.0956410142783821)
(0.7733286318574661,0.1548679533568316)
(0.4143026155991658,0.0)
(0.7622278307310995,0.1586387509193199)
(0.1,0.02414259093457177)
(0.5936805208611621,0.1029587794783128)
(0.23134198464772768,0.2807767379724702)
(0.1,0.01864099814950372)
(0.828953304452766,0.0)
(0.5831173843183922,0.08752049751336516)
(0.4771631372599201,0.033774905660082725)
(0.4240852969427353,0.010929111342943755)
(0.6369051336145605,0.026063200547050455)
(0.6052111311262725,0.0)
(0.6282903855060545,0.0)
(0.25695679981003433,0.0)
(0.3685586174678207,0.0)
(0.3748989563077451,0.09017608277060152)
(0.36844835982819746,0.0)
(0.504685535130499,0.0)
(0.6245981579161944,0.298308374741619)
(0.7331759890041329,0.0)
(0.750065549912382,0.025292089838298934)
(0.588305318846737,0.039244552409110955)
(0.403613344790734,0.0)
(0.6461883549142527,0.0)
(0.8653775648856676,0.0)
(0.4880438787657155,0.0)
(0.49688206950474917,0.04449518894721636)
(0.9618938135173136,0.0)
(0.47239825499045746,0.0)
(0.5832500743774892,0.004125805116543235)
(0.6381810786490771,0.0)
(0.5089411545821072,0.12184362612382044)
(0.9109396799056051,0.08079101977252412)
(0.8676188002837835,0.0377637486035723)
(0.6403284587478877,0.0)
(0.1,0.014948784115707436)
(0.6650662047798771,0.1298115007730638)
(0.5328196005837538,0.27440439569615444)
(0.32248710456573404,0.0)
(0.543983544270581,0.08916944799635469)
(0.8227972129813174,0.042030745084092325)
(0.34606227237403847,0.0)
(0.1,0.020444077011711876)
(0.7511435257454132,0.20822131044155467)
(0.545118576908067,0.0)
(0.47582694091987304,0.0)
(0.1,0.03704751890446632)
(0.45980657089538746,0.0)
(0.1,0.03914910379015003)
(0.939737568027215,0.0)
(0.37352929538886187,0.06846447066125537)
(0.4438599932996628,0.0)
(0.3963403912481937,0.0)
(0.5376819793378815,0.0)
(0.8064772285908087,0.0)
(0.5953500758471434,0.0)
(0.6320086282528361,0.0)
(0.4436746812836498,0.0)
(0.38725535552490015,0.0)
(0.518665833449467,0.0)
(0.383486081114484,0.042923573967891704)
(0.651690351586982,0.09251859574373415)
(0.1,0.10142622586239843)
(0.8692377501620909,0.0)
(0.42014510663944227,0.0)
(0.7485750486230266,0.0)
(0.9038514587623561,0.051388820130631944)
(0.9015967889437702,0.0028942358989832648)
(0.5137360038344931,0.056779090203569)
(0.958411955960698,0.09395452653080927)
(0.9130070924846057,0.0)
(0.46688916763398125,0.0)
(0.5045465285755958,0.04449160721417942)
(0.36590846446414454,0.0)
(0.1,0.011110520113636408)
(0.4239131926771284,0.12432185533159984)
(0.2660816318499104,0.0)
(0.40964798984797246,0.13085064473082658)
(0.2898703481224523,0.028233279329784595)
(0.43331725444678293,0.0)
(0.5938693045325686,0.12657050637242168)
(0.4732830784128777,0.013246455256825563)
(0.9422285472838611,0.14900505945133782)
(0.600881506595708,0.22994290859584093)
(0.44299817453070334,0.11646672669295254)
(0.7952548218979243,0.02137683785346288)
(0.4180378725677349,0.0)
(0.3731862215815754,0.05418776284048915)
(0.9287515732152988,0.0)
(0.6279008625547674,0.043612839926874314)
(0.3390934435564795,0.0)
(0.4337458352007141,0.0)
(0.25643249550003744,0.014731358615320881)
(0.7412005148753927,0.14388338134600637)
(0.4479110625433972,0.026806259211391348)
(0.5318914497838733,0.0)
(0.495362914219946,0.0)
(0.5478233643607329,0.01643292423671316)
(0.330234172044251,0.0)
(0.38366147099075426,0.0)
(0.747825193495555,0.0)
(0.6157919050551104,0.0)
(0.3388660088066167,0.12042376518990441)
(0.5267025951046672,0.002594443768326766)
(0.5509457481628418,0.10707398244092776)
(0.36978344322365103,0.039479293678135734)
(0.487819354076337,0.0)
(0.5922981547374426,0.0)
(0.8759865321124245,0.0955155944377173)
(0.3653241371630867,0.0)
(0.1,0.031615828883170216)
(0.43417331124314945,0.0)
(0.8059083605006101,0.16009747277165234)
(0.47131329193994637,0.0)
(0.8363325264657401,0.1256786495168284)
(0.1,0.021259016357897634)
(0.5323716212518843,0.0)
(0.5699161526938565,0.012059318666368389)
(0.26922313180834584,0.0)
(0.28664561399089017,0.054306841909915166)
(0.5836510577657551,0.0)
(0.4637086447934277,0.12164312188643754)
(0.32246596252397347,0.18035216573934587)
(0.2364107910307752,0.0)
(0.41419308601843785,0.08162802807210537)
(0.3871046865609559,0.1410328108101279)
(0.7344496334927311,0.015312344714633407)
(0.7501485595214655,0.2525773318330326)
(0.1,0.09574241336890013)
(0.3393394106445364,0.01363361976401876)
(0.3534595160771135,0.0)
(0.6714744151173381,0.0)
(0.7734078116100517,0.09992619341261644)
(0.9709951513398511,0.0)
(0.5323566353762156,0.11151414205758173)
(0.2733178079961159,0.0)
(0.7332173826739017,0.0)
(0.686179641053317,0.025661744584393645)
(0.732926464085874,0.204860704672825)
(0.36584956061697843,0.06985551390117949)
(0.702563747981461,0.04323596938802784)
(0.80370965290205,0.01924231361759685)
(0.9956568532023168,0.06155838218868043)
(0.8496335138108375,0.0)
(0.24110654114840474,0.09929214841558892)
(0.319000176928497,0.01312536013268568)
(0.636310246255028,0.019911702935588527)
(0.6215090048353766,0.0)
(0.6366828021320391,0.17420122695435633)
(0.9544053081891795,0.06639725370189258)
(0.8614546394960664,0.0)
(0.4166025466706308,0.0)
(0.5189375232247838,0.0)
(0.9155653648910219,0.0954509299649195)
(0.5450193960907534,0.11804706175455511)
(0.2659862921439323,0.09599336896809134)
(0.26629787719121306,0.0)
(0.7379956158513612,0.0)
(0.31683863178871535,0.02375604684165764)
(0.6502593027684682,0.1518851158476563)
(0.844213796562326,0.0)
(0.1,0.02340667734348598)
(0.1,0.014474210795068469)
(0.370810632281193,0.0)
(0.4095540076502416,0.020482002578423662)
(0.2978104624113591,0.0)
(0.8361107491946922,0.0)
(0.8012812561735776,0.14000132943172078)
(0.7485461868283483,0.0)
(0.3493592239733022,0.0)
(0.1,0.10592979925706261)
(0.41629624144624183,0.0)
(0.64479065229825,0.0)
(0.38973105307763845,0.05873521060321474)
(0.24101607233672592,0.08010434629419562)
(0.6397883874009573,0.0)
(0.8445847390113658,0.1256813547204874)
(0.6334515839112598,0.0)
(0.1806362292449964,0.0)
(0.42798716613827503,0.032564750211641076)
(0.3236291575403127,0.0769514655161811)
(0.39949230066910624,0.2234228332016374)
(0.5993079265241712,0.018222832822248937)
(0.5320636045176925,0.013352262623641531)
(0.43404230313788816,0.0)
(0.5421493505221149,0.0)
(0.5330177809864558,0.07271204579075596)
(0.5158368718282502,0.0)
(0.8299860887013922,0.04995396403453711)
(0.5554615029291174,0.01854329228266288)
(0.8500165922315445,0.02063813101278185)
(0.41138412491016185,0.0)
(0.4536171770213877,0.0)
(0.373408590057349,0.0)
(0.3694000398026327,0.0)
(0.5581826158638459,0.07399937913349239)
(0.6466878583296092,0.0)
(0.6297108575975923,0.034942619286082575)
(0.7345622677158942,0.008687760301471493)
(0.5342375686904416,0.0)
(0.4336229463732679,0.2090385389571278)
(0.6411986985438018,0.0036823664338440027)
(0.986440044377887,0.0)
(0.7620634541094429,0.2341521645864141)
(0.3534681049791479,0.07533255332302496)
(0.5343986489355663,0.15825716900352155)
(0.9935971110165434,0.0)
(0.9129265276220181,0.0)
(0.5364849878120509,0.0)
(0.6417693611339753,0.17636215876524286)
(0.3328300189463609,0.0)
(0.6951202448166577,0.0)
(0.8674249484910368,0.012091209952255808)
(0.471254795195282,0.14478106996687665)
(0.4815890155024444,0.0)
(0.4742255469301805,0.04486105296377774)
(0.48810692824554797,0.0)
(0.6005707912729676,0.15948110626217668)
(0.6404705075186473,0.0)
(0.46242836068018356,0.0)
(0.3109518396413029,0.0)
(0.7976151475332324,0.0)
(0.3934715424386663,0.10505866415538677)
(0.30281456850754646,0.0)
(0.9584861403015532,0.0)
(0.9016975116131257,0.0)
(0.5417293007760021,0.07568665924002904)
(0.29770765802892535,0.0)
(0.4328460819641924,0.0)
(0.6859522731028362,0.09070451959529799)
(0.28983545234054464,0.059005918865263234)
(0.4180647459673126,0.0)
(0.4332935482808934,0.0)
(0.9005320925264263,0.07856677035197492)
(0.6418863204882747,0.03815934696204563)
(0.3616971028927721,0.033405545725428816)
(0.1,0.04961333066746296)
(0.7582802403487346,0.05477629056452746)
(0.37371923426580944,0.08826505749176017)
(0.1,0.07070452264927767)
(0.40269468954679616,0.053745256123219357)
(0.49001898386976295,0.0)
(0.9289690365892609,0.0)
(0.5327370674248874,0.0)
(0.9322303025907975,0.0)
(0.9588846463945893,0.15559644689459973)
(0.41770241656206697,0.055038239642756996)
(0.34107484538769206,0.04401733614974031)
(0.5587458117338413,0.020961385784647193)
(0.6314474444474101,0.0)
(0.4518055545707448,0.006778072062788375)
(0.8040394320977731,0.0)
(0.41759818462351017,0.058409711243286325)
(0.1,0.016539471768598085)
(0.1,0.002844818847879215)
(0.6052925064874453,0.015922437628567987)
(0.37100577371655474,0.02911621253546593)
(0.6462643215945555,0.0)
(0.1,0.012059716087419379)
(0.8366944708634689,0.06622137562663565)
(0.43753808041362274,0.0)
(0.4016126643745287,0.046135777661660375)
(0.8101054569988134,0.0)
(0.20440670256308585,0.06273269381285998)
(0.5406423782164845,0.024583525211122028)
(0.49857281102873996,0.0)
(0.947483904217836,0.18928605535934384)
(0.34038029090635913,0.07924703022346753)
(0.18056408460439655,0.0)
(0.34708508120152837,0.0)
(0.3459167418134843,0.0)
(0.5103367390667957,0.0)
(0.48033863828218293,0.0)
(0.8919987892455374,0.0)
(0.5409821906211254,0.0)
(0.7731447366791596,0.0)
(0.45204788477801766,0.0)
(0.23639955433619128,0.08149490339688373)
(0.6970808630144543,0.0)
(0.5012558286167966,0.027993995924601073)
(0.2627749840124067,0.03885775792846241)
(0.1,0.09375999233557866)
(0.46334138867192654,0.0)
(0.6320578527554502,0.03878891208557846)
(0.36960084221081013,0.0)
(0.3378718506774332,0.0)
(0.48049536097200474,0.09102719609367585)
(0.6962136918242446,0.0)
(0.9146114321524821,0.0)
(0.9931960314985563,0.0)
(0.47096617472319685,0.015932409689082737)
(0.4185289605537499,0.0)
(0.40603786424898736,0.0)
(0.3997313585518057,0.17135853957823444)
(0.7117294726374029,0.0)
(0.7514383079602769,0.20672552052068102)
(0.4637347546029673,0.028596110298221185)
(0.5779334856188161,0.0)
(0.24674525169092182,0.0)
(0.3129032037749166,0.11525139368238312)
(0.98066026207409,0.017676900851119098)
(0.6999490762283059,0.0)
(0.6660252759072869,0.0)
(0.23157619018760045,0.0)
(0.4896108346490025,0.0)
(0.31292373130251944,0.1358424860420157)
(0.4201350722471673,0.0)
(0.5009270732664752,0.13873075041300414)
(0.1,0.03696739536701233)
(0.2465362117059323,0.0)
(0.36562031488688057,0.0)
(0.6841550456529475,0.0)
(0.6401817095832183,0.006696789312137651)
(0.21805110875294817,0.015753690147904717)
(0.16734163508070912,0.13852582436670416)
(0.3846796070037429,0.09104282614217964)
(0.5259064382926231,0.0)
(0.5549568761091583,0.04508703733156288)
(0.8689984781427729,0.021509222269464872)
(0.2588153842967782,0.0)
(0.3620336502486157,0.08614580612635997)
(0.6414309897039989,0.0)
(0.695037451510174,0.0)
(0.6501412090743454,0.0)
(0.6865253230445316,0.0)
(0.5547853918997108,0.0)
(0.42067182150244165,0.15823008920402176)
(0.1,0.04954872418585973)
(0.1,0.033380307736514764)
(0.5442880772730796,0.0)
(0.6969114512141766,0.09745257712478773)
(0.4301074353157579,0.06498002598811052)
(0.3061025842534749,0.0)
(0.21038757576061137,0.0)
(0.7802398683671525,0.0)
(0.7523726063977405,0.0)
(0.6317112163992796,0.0)
(0.6695882386588327,0.0)
(0.37777858355763594,0.18700510965003742)
(0.595188315907217,0.0897201285400749)
(0.8279130423284153,0.08121335606011833)
(0.9132753863068918,0.010362768108989926)
(0.31890361545372836,0.0)
(0.3780772943527555,0.0)
(0.5347057553355105,0.15302523716090655)
(0.3425583872425235,0.0)
(0.6875682958398095,0.0)
(0.5228464294112006,0.0)
(0.5147762710974682,0.0)
(0.5789728729318118,0.04668443274123538)
(0.39337526539843287,0.0)
(0.8062342035384142,0.07584055209810586)
(0.5179130575673476,0.0)
(0.6276285513169378,0.11956422981580293)
(0.5552765281306178,0.19194938953915583)
(0.7665960366159944,0.0)
(0.579164172095709,0.019814397728143168)
(0.5583601941329197,0.0)
(0.6459827958318458,0.14350687388898717)
(0.8078839341394779,0.0736795433118778)
(0.8015190036444366,0.0)
(0.5417002906711674,0.3576366134222365)
(0.4430141446400641,0.0)
(0.5316505388004833,0.19321915772737058)
(0.5412069054063393,0.09447004388849141)
(0.5155049551995802,0.238584653013048)
(0.4026274421997099,0.0)
(0.761764583152048,0.017417646578633792)
(0.3707368834322162,0.0)
(0.9125289417448337,0.0)
(0.23765700842325682,0.0)
(0.4385525688774776,0.0)
(0.6104857679774551,0.0)
(0.5588494925287181,0.012997262662677986)
(0.5468765110741366,0.0)
(0.5884572458477043,0.15795962690896764)
(0.27318966838605163,0.0059374953117543525)
(0.4037236293194775,0.0)
(0.6325660013850851,0.08099222486057006)
(0.5209950219457282,0.2874157231295908)
(0.6712884085979811,0.0)
(0.9109627405248678,0.0033475701948086226)
(0.3372437389552186,0.165322752587306)
(0.48165559540967934,0.0)
(0.4139135355895855,0.15346798165835987)
(0.6126575423396526,0.0)
(0.6109475030160004,0.10249867222357273)
(0.8103508032478421,0.0)
(0.5635077251280283,0.06262548424643785)
(0.806688252721894,0.14499777612017312)
(0.7670867505119441,0.05717257393346377)
(0.6770685460953624,0.19231438759263145)
(0.286672137502582,0.13638509682752065)
(0.34728992257171,0.06258093532689152)
(0.32271247957535965,0.003061236075207959)
(0.5267691509062306,0.0)
(0.9362479676398912,0.05732430138116651)
(0.1544471816440783,0.05120548794044455)
(0.3376140114853162,0.015397031211742448)
(0.30034316182602094,0.04956033035552684)
(0.7736968843589411,0.252487221876228)
(0.3166618303159418,0.02655696427989108)
(0.4063504391281255,0.15485319522112995)
(0.41307079137180425,0.04918811321212189)
(0.9468359832726909,0.0)
(0.7002026551607116,0.0)
(0.47213470945434377,0.14799867537161104)
(0.3749721856623282,0.0)
(0.6370148665449726,0.0)
(0.859885384571231,0.0)
(0.25696409542420084,0.0)
(0.581094586819128,0.0894439767530787)
(0.9954128754266771,0.007588815151949638)
(0.4535778589946686,0.004795376702571287)
(0.9556938469024847,0.0)
(0.4426870502040258,0.06520464367740336)
(0.6468469993286238,0.08144027424762318)
(0.4034359754291168,0.0)
(0.7938946572594773,0.0)
(0.5072211971706366,0.02966439236996725)
(0.1,0.10130759451629762)
(0.5786081738617463,0.0)
(0.5186128564476401,0.030216834853881592)
(0.9930695428565144,0.0)
(0.5252189565227001,0.015524489958148202)
(0.581658247534335,0.021360597512402636)
(0.4738684910313026,0.0)
(0.7127642121543325,0.08390083004468132)
(0.34928044820045095,0.017843803244809418)
(0.6881501133894234,0.0)
(0.3698868075178057,0.1009632635491336)
(0.9474277796896555,0.053374644971405594)
(0.2762646550180795,0.2370287129218845)
(0.3579649618811054,0.06687714865219206)
(0.9389192251865498,0.0)
(0.25893680640454836,0.11327643498226399)
(0.6379792839345448,0.0)
(0.1,0.09708484505255432)
(0.1,0.14555930888559918)
(0.4204305301181592,0.0752415128122856)
(0.8710894245259311,0.0224992143186821)
(0.5313360724712696,0.11613486422185137)
(0.5257369161135755,0.0)
(0.14637325191481895,1.9598870418853308E-4)
(0.3352199940607052,0.0)
(0.4735814974766589,0.0)
(0.35526511928061477,0.04512134918707011)
(0.3912792092513214,0.04809841902138512)
(0.3682865629871638,0.0)
(0.6243466794519369,0.010089608189168413)
(0.1,0.103579977174286)
(0.5783846172087105,0.09392342170277207)
(0.5714077638851929,0.0)
(0.7614729088500792,0.12776843281543132)
(0.44354243432578666,0.0)
(0.7488915945848617,0.0818905468629027)
(0.9759607314719432,0.00420863918426191)
(0.9546884942864783,0.13453289766958196)
(0.9765910740116132,0.0)
(0.32327445809803507,0.10656237827561532)
(0.41864001209325885,0.0)
(0.3536617353883924,0.02863656383594177)
(0.87713237286601,0.0)
(0.8776943671166475,0.19756210424144757)
(0.34280221808991534,0.01256682312573889)
(0.2088983243002111,0.0)
(0.6716789061563481,0.07814813055305418)
(0.30622585585691686,0.0)
(0.7025983467118404,0.0)
(0.7923736795539197,0.21348276968333124)
(0.682980713855051,0.10556092373872111)
(0.2252193584597402,0.011346106484386165)
(0.40194901031205665,0.0672550112141342)
(0.9153830891527851,0.11908609447240559)
(0.5557317985128561,0.0)
(0.28083644208317066,0.0)
(0.4530290162514473,0.0)
(0.3350377024980705,0.11236883424806138)
(0.1,0.11749861597130971)
(0.200056956334366,0.0)
(0.3825419318786847,0.04436810614070241)
(0.5024552810995565,0.0)
(0.40217687234153154,0.10005206969221525)
(0.6126302721264205,0.0)
(0.4166404883204859,0.09613790628120256)
(0.6246467166165566,0.0)
(0.25843735010708435,0.06449521655566745)
(0.6965489499361864,0.0)
(0.5802268121224201,0.1402990434957497)
(0.38563632546466,0.03584132057781891)
(0.4916232649794567,0.0)
(0.7967436929447412,0.13599202772650443)
(0.8180700003249549,0.0)
(0.8106924415000398,0.02781502242584169)
(0.3676480017163656,0.0)
(0.3827480303671815,0.0)
(0.6434225073601076,0.0497430478805824)
(0.1,0.030590355024364708)
(0.25691222232883504,0.004030942279776171)
(0.49008501742400545,0.0)
(0.1,0.06193190400522496)
(0.4597809133706582,0.0)
(0.25874329215786185,0.14532583416724565)
(0.21431734860609766,0.0)
(0.26257435865341294,0.05509249173492129)
(0.39991393053999824,0.10800128980078116)
(0.5592243106560327,0.0)
(0.44793002229875,0.08344867971343231)
(0.639685870901775,0.06178411297276988)
(0.9620637994334953,0.0)
(0.9542853422057446,0.0)
(0.6009006203914908,0.0)
(0.6111139654930035,0.0)
(0.34318134725434146,0.0)
(0.36871585895584175,0.0)
(0.27823090767405995,0.0)
(0.3497602687174475,0.0)
(0.7481450287555836,0.16172541482090694)
(0.550172728017188,0.022506505337702938)
(0.35167807852334393,0.0)
(0.3365454672593299,0.11557116916666606)
(0.6157593168113401,0.04558138560653045)
(0.3356314138365271,0.0)
(0.2947272783307149,0.0)
(0.32645667604598655,0.0)
(0.976765680029414,0.07153790664860359)
(0.6212126113587243,0.0)
(0.564033253963212,0.0)
(0.23607934222549537,0.0)
(0.9589652523145967,0.0)
(0.46911403931794327,0.05223843458996311)
(0.3852145850818818,0.016559130590733002)
(0.49085137944731927,0.0)
(0.3850420921714756,0.0)
(0.7010463216645132,0.025846856741380344)
(0.6217008698326323,0.0)
(0.31349184701553856,0.11628622876105149)
(0.1,0.0392386011561495)
(0.5152463072665429,0.0)
(0.4626013626209182,0.0)
(0.6960565175466443,0.09236433730431114)
(0.8594951760562335,0.0)
(0.36762024454737274,0.04169451707174324)
(0.2819638313596924,0.0)
(0.43830120622513374,0.0)
(0.8920169376653484,0.0)
(0.4807168519290432,0.03528681172863567)
(0.9319833711143779,0.06263572300989229)
(0.36613275525660255,0.06745374755131599)
(0.7503874702268336,0.0)
(0.8794809414862951,0.0)
(0.3845756981829059,0.04308525189353318)
(0.7509048184986111,0.0)
(0.6637832847044284,0.050363539129126236)
(0.5453291260448994,0.0)
(0.36213423253945226,0.0)
(0.47718316556091395,0.0)
(0.9395153239761529,0.01122032513108752)
(0.3900036185141119,0.037994585739225956)
(0.8077098867628361,0.0)
(0.8088457768832934,0.0)
(0.544714746025519,0.12938405785224413)
(0.4094039364955647,0.06045336952518548)
(0.40303172135206716,0.025406552383130443)
(0.550826671674588,0.06979542007438308)
(0.7200734794022708,0.0)
(0.45290987309009706,0.0)
(0.7164629734765083,0.03748108130464671)
(0.49073039105663196,0.0)
(0.46320498905631,0.0)
(0.5180601156471639,0.10378159273148607)
(0.2638235870435556,0.147560640787776)
(0.1,0.10650136378822916)
(0.325937993704621,0.0)
(0.39381920692373423,0.0)
(0.6805545256949553,0.0)
(0.12467633036182474,0.002022484212408101)
(0.6820803039014993,0.07600445869770374)
(0.615108257183752,0.13034284420429895)
(0.647835400156791,0.2641492413711292)
(0.9148708667004871,0.08643117272744164)
(0.54235770953768,0.0)
(0.514495995085176,0.0)
(0.1,0.003355815576487017)
(0.7263637810360735,0.03488100898940542)
(0.6407979652562475,0.08135772944424552)
(0.1,0.026869213705793978)
(0.3961355630388484,0.0)
(0.34061401824858073,0.0)
(0.4112165626953809,0.040211381745635495)
(0.39548705242545495,0.0)
(0.513586916865207,0.106472543004443)
(0.299891208187029,0.06732970104209621)
(0.5470093557765948,0.0)
(0.4465427723571812,0.0)
(0.6223580486540036,0.0)
(0.8461967744032353,0.09561289396432467)
(0.3833699947452396,0.0)
(0.932463059132,0.12819196425067717)
(0.8287802261729088,0.08226884088193749)
(0.1,0.1444203925653544)
(0.8972494373953829,0.0)
(0.3211497098981831,0.0)
(0.49665282829192364,0.0)
(0.265740104782528,0.20301157728443628)
(0.6561136904929368,0.08592164728274228)
(0.9810988876779442,0.0)
(0.5860049129811105,0.0)
(0.3515966581751293,0.0)
(0.25664422026058425,0.03153504083367447)
(0.8290438998595964,0.02532165315799628)
(0.47073667244119005,0.15636212137094987)
(0.49144193083418314,0.0)
(0.4934037337341847,0.02275347530228325)
(0.334260765121097,0.11059869014184809)
(0.1,0.04585073198722436)
(0.5363410991300883,0.0)
(0.9682151781998313,0.0)
(0.5116434018784753,0.15415014290235987)
(0.7384047873709391,0.0)
(0.6383385178226204,0.0)
(0.5197942870192699,0.0)
(0.3531543899704188,0.0)
(0.6020565831688769,0.12278708777971122)
(0.6266401355892712,0.0)
(0.36156914702544973,0.17471537985132402)
(0.3230236953749447,0.012250724027155916)
(0.5199631885856828,0.0)
(0.7498721025941035,0.0)
(0.5263850341153048,0.01824689348435885)
(0.6447180563681976,0.04439902220659605)
(0.31318148945598756,0.056877529095423096)
(0.2510454058306748,0.0)
(0.4921415316850856,0.10570367087585104)
(0.42241770107000676,0.07602539009592013)
(0.3729414271964131,0.0)
(0.9007027089778914,0.0)
(0.6326298947073783,0.03734050633779189)
(0.23176735434777818,0.0)
(0.9387979338207009,0.0)
(0.6623955796986012,0.0)
(0.42759025752349167,0.0)
(0.4378326041119956,0.03825381344820722)
(0.27353910089000016,0.0)
(0.5956721862368141,0.0)
(0.3370826680992595,0.13709822994576545)
(0.63340272777955,0.1374406611194516)
(0.1,0.0554156668238641)
(0.472441751099285,0.0)
(0.49563881153055644,0.0)
(0.5007739392550329,0.06552404282624225)
(0.30294865578798985,0.0)
(0.510722537724995,0.0)
(0.28437185158470635,0.0)
(0.6119725648582275,0.0)
(0.6651156232233788,0.06211354101179539)
(0.47152062530572786,0.056289136003357956)
(0.3810293632407604,0.05624628156731807)
(0.5374934343510689,0.038987245087250315)
(0.43634382334987454,0.0)
(0.8281486377508421,0.023474016000884106)
(0.7951350640248817,0.0)
(0.5129624804150954,0.0)
(0.8651050268633428,0.0)
(0.366602824956098,0.0)
(0.42610577004860134,0.002077802077228256)
(0.7005756560489195,0.0)
(0.35269404039596874,0.0)
(0.8710485050467771,0.04073550303934679)
(0.43887514290765944,0.0)
(0.1,0.05281288036019313)
(0.3365409107560801,0.0)
(0.4732026274611003,0.17587260483824413)
(0.413638350479595,0.14113154909930717)
(0.28857415775868694,0.0)
(0.6451249625212265,0.0)
(0.37934119119161364,0.1479672323528908)
(0.7597522425629155,0.0)
(0.9804071779066794,0.0)
(0.6456533935444093,0.0)
(0.8543902192186589,0.0)
(0.5802614961081579,0.0)
(0.5138257654298533,0.01402460502688947)
(0.8182972132064618,0.0)
(0.5190749839783093,0.0)
(0.938020878704921,0.0)
(0.5476617074739784,0.06722966652442623)
(0.4812079885005542,0.06520217634247023)
(0.9013650268631445,0.0)
(0.30668148423996633,0.04015158207022702)
(0.7623163267928439,0.0)
(0.5500941990764793,0.0)
(0.5332630425607405,0.05785055390725544)
(0.9330197049936478,0.10382189062888705)
(0.46468160407780146,8.94356805494973E-4)
(0.2944251339999192,0.17568455142073985)
(0.7905829559561843,0.0)
(0.7341824467425457,0.006433733352173229)
(0.2814272708872927,0.0)
(0.3820406647350381,0.14153808367697227)
(0.3692282566179828,0.012355701661064741)
(0.337957249095737,0.0)
(0.3563958542763918,0.0)
(0.1803243613691024,0.08541066133501292)
(0.6875655814313582,0.0)
(0.5810662085059132,0.21087151555346728)
(0.5662098532798906,0.0)
(0.37977990317834376,0.0)
(0.7801104457305019,0.0)
(0.8262178702831617,0.19656541618813925)
(0.8382729273910948,0.11609090643943198)
(0.2564318825395545,0.036110889749979246)
(0.1,0.008077184376065593)
(0.9097895418480663,0.04926691045409837)
(0.3359126486891749,0.16032801661861384)
(0.8677339826510474,0.0)
(0.3652618075332311,0.0)
(0.5724296536680118,0.0)
(0.1,0.0)
(0.8463582341466264,0.0)
(0.37825151871425694,0.0)
(0.7128268359339291,0.054210762176157015)
(0.797241424092079,0.14088784770652793)
(0.38382506038106473,0.0)
(0.8367886972947598,0.0)
(0.37033095669114274,0.18990940287837849)
(0.9423510961433755,0.027149625724859985)
(0.6945629290773159,0.0014366618601408456)
(0.6659093595557779,0.08325428510547922)
(0.6692393810591815,0.0)
(0.36095115747229845,0.0028664975164513517)
(0.4523155132430957,0.1694973211599979)
(0.8448224242861286,0.0)
(0.5111102248133952,0.04653229261794617)
(0.3159099060188572,0.0)
(0.29505743207130963,0.011100663275182792)
(0.6954842255760684,0.07569230893228573)
(0.9286024573404816,0.0)
(0.7147578816555024,0.0)
(0.4641881909548347,0.0)
(0.24082013336403793,0.0)
(0.7518435767072431,0.2133542152219856)
(0.3469422991005031,0.046109194172781365)
(0.5765167100852762,0.011603331275815022)
(0.28157423254387015,0.19475218578187803)
(0.8796977786160523,0.0)
(0.6823052761660275,0.0)
(0.3965634915933964,0.0)
(0.1,0.08171178467474562)
(0.6940998867375803,0.1813791122946733)
(0.6117970063814047,0.1149983889712364)
(0.4893926925988876,0.029788875840010606)
(0.757075155228645,0.0)
(0.3387515256323342,0.0)
(0.676734841973354,0.1041297167433265)
(0.7937784141729612,0.03560570067887625)
(0.6004349431086881,0.0)
(0.34421035831283864,0.0)
(0.6337881261245142,0.0)
(0.1,0.11541156660280932)
(0.7582723304819063,0.0)
(0.9711419112028412,0.0)
(0.1,0.06323031936399369)
(0.5964064668508148,0.0526260834002575)
(0.32716189568168724,0.0)
(0.8655652726470423,0.0)
(0.8082830217845954,0.0)
(0.6543919140794305,0.13831113722482127)
(0.5014341819584925,0.0)
(0.1,0.09227722555484835)
(0.3155394883255018,0.08486593525766822)
(0.34627789927294833,0.0)
(0.18605920081403324,0.013822799071283025)
(0.4196331868351415,0.0)
(0.6274111543691001,0.008179480457603588)
(0.7359465832822366,0.0)
(0.24626692630982053,0.050020767915698074)
(0.40987580270852747,0.19000617915923113)
(0.1,0.058455621349011146)
(0.566783815734234,0.057521718320386384)
(0.43276367733477145,0.0)
(0.6375373265656537,0.10632367405546346)
(0.8693946241203877,0.10223154377138731)
(0.6265985550611273,0.11292898684282666)
(0.5779153946663372,0.06770035327063682)
(0.4821640281739137,0.04217237475447295)
(0.8189531463447941,0.0)
(0.7492476214820291,0.006943639248945897)
(0.3394347985913401,0.0)
(0.7565003277829072,0.03655414347591675)
(0.5224856677157594,0.0)
(0.309528630592109,0.058889759553044686)
(0.7244708495285883,0.0)
(0.7335769108143841,0.05124420645096919)
(0.1,0.04414729175762321)
(0.6285321585693829,0.03087163975286591)
(0.8297590994472421,0.02198526527585716)
(0.9123315648857107,0.0180696582964992)
(0.6577544760153353,0.0)
(0.33005519072917444,0.1883737033418602)
(0.6831250861533534,0.0)
(0.5338649881245174,0.0)
(0.19607043889282466,0.0379045366029821)
(0.8725312318234235,0.07039072748758994)
(0.6806398594975347,0.08467297008058967)
(0.5210998442670643,0.05464044163140436)
(0.8090494017989902,0.04391466341379361)
(0.9550467580273985,0.0)
(0.18579097594424732,0.0)
(0.2856791030837397,0.0)
(0.5658818388438238,0.005952238156868338)
(0.5464230904850169,0.0)
(0.4779291801801791,0.18457625420287332)
(0.614971561436729,0.0)
(0.6473249039786512,0.0499558657910033)
(0.3809066982507392,0.06631942748840594)
(0.32364360017941385,0.050098604404419)
(0.5864269385482359,0.0)
(0.3185376809297956,0.028339123393836887)
(0.2890040767155311,0.0)
(0.34025264689101836,0.0)
(0.5230497276545614,0.01970095824350422)
(0.11436233253651469,0.0)
(0.37472800488046026,0.045958503585352924)
(0.1766480564886629,0.04338221114561959)
(0.6639373617677582,0.08520445826961753)
(0.4986857295665626,0.0)
(0.4961449782900265,0.011502810585666278)
(0.5349500460122257,0.0)
(0.593997412134975,0.0)
(0.71220607855089,0.11627887185168101)
(0.39111294228773424,0.0)
(0.44857347459646074,0.0)
(0.35502999899681476,0.015702057558975475)
(0.3163744060475686,0.0)
(0.18605007223280517,0.10340233297989827)
(0.34351681983107174,0.0)
(0.4373434707384306,0.0)
(0.34555551643867566,8.287156962213396E-4)
(0.6840004958545626,0.0)
(0.9503786342531059,0.0)
(0.45138299671891247,0.09223128303445205)
(0.7367897801088367,0.07520437954736653)
(0.6684070875423673,0.02175154750196255)
(0.4393703193999356,0.0)
(0.4398486143201438,0.19780701904154324)
(0.45079742938669404,0.04107147244088744)
(0.15440213466178293,0.016907130337764736)
(0.807124338167059,0.019328772033708887)
(0.32660466228725005,0.16857342354757987)
(0.31261367306509436,0.016255758087330704)
(0.4143829077784267,0.06742344022292134)
(0.42968954960165884,0.0756126953130401)
(0.23213704134185245,0.04192004333594939)
(0.5368031948145203,0.0)
(0.31118468752512746,0.0)
(0.8760013358076733,0.0)
(0.8018739885985604,0.0)
(0.21809747127395007,0.07545243448430289)
(0.35231448730389314,0.05942860855153003)
(0.26340578025519307,0.037414980397168396)
(0.37398545192948524,0.03791675417131134)
(0.34869788964501053,0.0)
(0.8098403945114753,0.162751968613619)
(0.9002197788488369,0.0)
(0.8756863388948362,0.1706129794902431)
(0.6866769525988007,0.02457645121257418)
(0.24069402262946757,0.01586703316627033)
(0.5718432582330458,0.0)
(0.31075722283726537,0.0)
(0.5206274155187166,0.003895355053010398)
(0.7886970805475103,0.031089836896223178)
(0.49332529689254145,0.05724428155665508)
(0.9143573255992717,0.0)
(0.6252793435832562,0.0)
(0.41727799614330685,0.0)
(0.32147087889822856,0.0)
(0.6663377621158961,0.06302941738556465)
(0.3669372390479657,0.0)
(0.6773052762909426,0.0)
(0.5272715182456157,0.02128930128161788)
(0.7145323885840401,0.0)
(0.3606749165807124,0.0)
(0.7158543235976501,0.015150750992820797)
(0.759530939038282,0.022504000235900865)
(0.5127228350557913,0.0)
(0.3328933646152994,0.0)
(0.8671555095394471,0.0)
(0.7379800454437361,0.0)
(0.9135616806522693,0.10397659859420727)
(0.5438683356367028,0.0)
(0.7826484674013553,0.0)
(0.3817479324463595,0.0)
(0.44669808908935604,0.0)
(0.45472596273068555,0.027995333805957326)
(0.32214665911436746,0.0)
(0.46841545803611784,0.054174351809809895)
(0.43441364194133436,0.2093005631339259)
(0.35988799366265495,0.010605012107592487)
(0.796553681869882,0.0014094638535864605)
(0.2864939242536447,0.0)
(0.41920026837556873,0.0263969660556726)
(0.3762273748913054,0.1901100619282593)
(0.39033300470254945,0.045535051889076215)
(0.7153941810017092,0.04835747157512731)
(0.26282428804722685,0.0)
(0.4042093505961746,0.03764424523841417)
(0.6721329006086737,0.0)
(0.7358257919783276,0.0)
(0.44141487380827976,0.054731618728105225)
(0.4414582906916204,0.17053620249790002)
(0.3033063031851148,0.10543879328529544)
(0.5021477901610896,0.07481325474786503)
(0.5458844876698006,0.0)
(0.1463605379727884,0.06897595460336757)
(0.5405390882971635,0.10501150714487613)
(0.7823352052406198,0.0)
(0.27298606104705747,0.0)
(0.17076039589147354,0.12988041976959794)
(0.8979068289604297,0.0)
(0.5795627771325922,0.0)
(0.8417821065256194,0.03482905533154941)
(0.1,0.06835746690722191)
(0.1953134887485946,0.0)
(0.5996717099116305,0.04264530948744699)
(0.2740992463516627,0.1284954115942272)
(0.8770129590368535,0.0)
(0.41618965516109996,0.0030780319183316166)
(0.7750205250127155,0.0)
(0.6515227030062078,0.02509870841888187)
(0.596720601514864,0.0)
(0.6016087930074335,0.0)
(0.3557468419082693,0.1433544384992214)
(0.4691446176588597,0.049229492326538234)
(0.7892013730089418,0.0)
(0.3789211510679349,0.12043949156863641)
(0.9524723987501262,0.0)
(0.5544282201502095,0.0)
(0.8915026038340204,0.0)
(0.3483113593889178,0.0)
(0.45403141145371995,0.0)
(0.34765357170953054,0.0)
(0.34498354701003414,0.0)
(0.7610989345900422,0.03713466996244003)
(0.9106776801760743,0.0)
(0.38014452541836097,0.0)
(0.5118976381454874,0.0)
(0.5300293111736478,0.013365600445769947)
(0.9501578761607707,0.0)
(0.705282024801644,0.0)
(0.7280628507874208,0.0)
(0.9420277787353425,0.0)
(0.7013230612108894,0.14272922472534524)
(0.38863505498071516,0.11033580697218007)
(0.8037014868919317,0.0)
(0.28070188989624345,0.0)
(0.1739109519101968,0.017566370313863253)
(0.47591561890481093,0.14389137547009773)
(0.500198699837634,0.07895287550561003)
(0.4365728994784157,0.013205447489924249)
(0.8742443046424565,0.05328803873808548)
(0.2385243898303197,0.0)
(0.9596281442525928,0.024201349128421087)
(0.556141410738643,0.025991852712375044)
(0.2640320484517132,0.0)
(0.30572980556519064,0.0)
(0.8395628893213062,0.0)
(0.38731314805260586,0.12281287188707324)
(0.4207662359198568,0.0)
(0.3082302560160992,0.0)
(0.3346306194461711,0.11917279564508315)
(0.4924019965792059,0.0)
(0.26538905019317666,0.0)
(0.4671682038388075,0.13645350155708363)
(0.5936165044049488,0.051674977636879726)
(0.6586864787200212,0.0)
(0.43568995702985597,0.0)
(0.2378388839367589,0.03421677417418155)
(0.7573755542134704,0.06040146224186132)
(0.643274943825817,0.0)
(0.7369297409830009,0.0)
(0.732864115965457,0.0)
(0.8275852856544599,0.0)
(0.26213698526666507,0.0505101490166193)
(0.8482657492991166,0.0021873065094597205)
(0.6648143485341487,0.0)
(0.564224373569332,0.0)
(0.5924768514108131,0.06012689659697995)
(0.9917123191566455,0.02576525435572324)
(0.20031848178079553,0.17306681128370816)
(0.5379170065637191,0.0)
(0.9626256556845488,0.0)
(0.1156258632650474,0.11035725652423484)
(0.257486838152955,0.0)
(0.8726382028915374,0.26865384152403243)
(0.5947919059360735,0.07105608456778854)
(0.9467883959550453,0.0)
(0.23749954996808886,0.0)
(0.9524911001032309,0.007671802524817731)
(0.38961996680371963,0.0)
(0.5727364608036023,0.0)
(0.2486263682217374,0.020732774030106305)
(0.8226922590499178,0.018927586016449456)
(0.2543731805963419,0.1460137430974021)
(0.7275807397739342,0.0)
(0.3444203726346603,0.06745421402393163)
(0.6293282031795691,0.041783128704639724)
(0.2580562031049366,0.0018168287529412798)
(0.26942107553424444,0.0)
(0.6736625860124944,0.0)
(0.15346419708700737,0.12536516249130508)
(0.28216510267435524,0.2208187982599842)
(0.3282368584419585,0.13360302730836482)
(0.39524261911435454,0.0)
(0.7268804402554553,0.123802037172287)
(0.5250061268938659,0.052251914243864134)
(0.7944031263103769,0.0)
(0.6544013614122212,2.1993245683969953E-4)
(0.8601088412747628,0.11699309393454707)
(0.7348849366002288,0.028580529644963742)
(0.6226282564748472,0.0)
(0.3093501339914261,0.0)
(0.2201178376674866,0.0)
(0.877820241480794,0.0)
(0.44244208606768576,0.0)
(0.5102283600993592,0.0)
(0.2201647805538654,0.0)
(0.7586985586511802,0.2120018002037494)
(0.4953150031271963,0.06477443482361821)
(0.22743566931118248,0.03103361319561726)
(0.8685245148976783,0.0)
(0.5760297025576567,0.15347900763519873)
(0.3274928993127398,0.0)
(0.7317299789730873,0.012568820283940225)
(0.2894578980971244,0.13891978404944058)
(0.5278329569113378,0.0764850781942291)
(0.4885074598422776,0.0)
(0.38574335909113333,0.007263822676986009)
(0.5818294238610262,0.1927654553438784)
(0.702204310288375,0.06144537488551316)
(0.6708892615163013,0.06690647435322337)
(0.19325174466338002,0.010148022760613804)
(0.3410750791394295,0.0)
(0.9456043646956527,0.11067811154775593)
(0.47696740703969176,0.07256476399748471)
(0.2784038458066086,0.0)
(0.42626047579247633,0.0)
(0.23939078413248063,0.0857267346462178)
(0.350058352142178,0.0)
(0.8496143156462076,0.0)
(0.8302141117262702,0.0)
(0.23661238382963973,0.0827210194427291)
(0.5882166335108285,0.1953094738608696)
(0.4476014416519929,0.0)
(0.9651508358237008,0.056875699110083666)
(0.2538801853386606,0.0)
(0.509113885922451,0.0)
(0.5829742724190913,0.13767088471892802)
(0.5088195178150654,0.13240850132835688)
(0.4319252654987419,0.1340299201324119)
(0.6439853912382963,0.0)
(0.795486604251318,0.3225633656820557)
(0.37762067629130613,0.048838064236663925)
(0.2900965573178302,0.0)
(0.4970137270010183,0.0)
(0.6505567071677139,0.0)
(0.48766502611896484,0.19174972722910177)
(0.9814454223076865,0.07308939049392314)
(0.5607841510634383,0.06744478159937924)
(0.8385399009054244,0.0)
(0.3972643244842733,0.02264112609917716)
(0.4279891919733204,0.05082344794238333)
(0.4439616079273526,0.06218003733785468)
(0.2938263594900212,0.0)
(0.5752544846989203,0.0)
(0.6576852150437749,0.00402904542043734)
(0.738777355878947,0.0895351418932906)
(0.9455100227858138,0.04215960974272969)
(0.5579256085759507,0.0)
(0.43519303506302687,7.083303665008824E-4)
(0.38843845982426406,0.0)
(0.6682313309952177,0.08836916620736958)
(0.5310516763186329,0.062374237763000384)
(0.9759109918764648,0.0)
(0.2184061701111959,0.08690528450753765)
(0.1,0.11111019118996864)
(0.7261080024283313,0.14481579688861188)
(0.8611255746248818,0.0413720371676686)
(0.2086232303577124,0.0)
(0.7752250786774438,0.0)
(0.6256696556816221,0.13006907404219575)
(0.7740390569246273,0.0)
(0.940018160800289,0.13212297926133593)
(0.28557713783176464,0.0)
(0.7852403137740813,0.0)
(0.11640559468127126,0.02191012583525895)
(0.9926133878784615,0.04413643082574151)
(0.7603701521649514,0.0)
(0.848333595209425,0.15137085499842243)
(0.8267115907680643,0.0)
(0.6700073922929402,0.03167787508348573)
(0.9719569881514976,0.06845154964373117)
(0.639092373691417,0.02995418867429313)
(0.31703560312907886,0.007157995665685238)
(0.5298065508353037,0.08317171478245206)
(0.7095532116785261,0.02313709429045157)
(0.3754607535755523,0.13607317036098493)
(0.2954467312365405,0.0022958834957098333)
(0.911536540708204,0.0)
(0.31007095629826803,0.05434869275412266)
(0.6521601630797671,0.0)
(0.8455999849693698,0.0)
(0.780675336284306,0.16796013726850598)
(0.25922882217563986,0.0)
(0.570016051035336,0.0)
(0.6299998854880144,0.0)
(0.6739995111356333,0.0)
(0.4680449074809463,0.02005088784973778)
(0.6184499234519969,0.0)
(0.789844335121808,0.035410630028792224)
(0.40657162969694727,0.0)
(0.35653785524705756,0.01769015601618343)
(0.21731237711359705,0.00595706556269314)
(0.4743264486492732,0.06742475780368794)
(0.3249170295333548,0.04128884425271756)
(0.3868888583528015,0.0)
(0.4015600164663393,0.0)
(0.18366818097023732,0.0)
(0.7523905052864693,0.1766333581078224)
(0.14074045905036214,0.031150515788628753)
(0.2155910536663184,0.0)
(0.266536474884293,0.0)
(0.28452383158087313,0.0)
(0.2470434803566505,0.0)
(0.13991155785222617,0.05458534017138298)
(0.42422659650253164,0.0)
(0.8215787248703933,0.0)
(0.4058776474666341,0.0)
(0.7728466809527768,0.002300343051484166)
(0.32864765285016995,0.19678825510133718)
(0.5356747543277492,0.0)
(0.6422519568785414,0.0)
(0.23876150568019938,0.0)
(0.30817764451368784,0.0)
(0.6856370770810047,0.10789365579537367)
(0.4274212298607184,0.0)
(0.7929356600606572,0.0)
(0.3541218095341917,0.0)
(0.14402582444162165,0.0)
(0.43021260352378565,0.06587293882828144)
(0.8541565299638612,0.0)
(0.6815299036865448,0.16237418766417577)
(0.8943151443143019,0.15971529425084632)
(0.8971082480678108,0.0)
(0.19018872857150831,0.08639815992561231)
(0.8749386452600001,0.20200370449523028)
(0.15169641174730392,0.0)
(0.44591522338301526,0.0)
(0.7909290885804189,0.0)
(0.39419507764716255,0.17522083870604344)
(0.5712405039463155,0.210353207383852)
(0.3119980158364957,0.0)
(0.66317294276323,0.0)
(0.7923035136733211,0.0)
(0.37128166971077586,0.04630478485478033)
(0.3765028264032694,0.07853078727240245)
(0.5769649093168225,0.0)
(0.8258370098147628,0.08544345867233455)
(0.871675683863825,0.07179528827387881)
(0.6312714534743896,0.055198271262571555)
(0.7198768932335033,0.05188475534478211)
(0.13414234903127853,0.028052231384520693)
(0.32465232595079774,0.16457665213766798)
(0.42378090281797615,0.19494672868199572)
(0.16948295332171542,0.0)
(0.22532408751708966,0.0)
(0.6132423392559053,0.0)
(0.3257649715974811,0.0)
(0.590200896266634,0.0)
(0.9175811191925936,0.0)
(0.2247831032235595,0.0)
(0.7409827260385178,0.05519793242187551)
(0.2973421252509515,0.0)
(0.11512397227721073,0.04287437029370517)
(0.20780643833096396,0.18735209382493523)
(0.4225097144938942,0.0)
(0.8953587308124521,0.0)
(0.15636662059480178,0.0)
(0.24573694416433547,0.0)
(0.41059417806345433,0.0)
(0.292287931462169,0.06694698570599159)
(0.13689306558234546,0.0)
(0.83762044303114,0.0)
(0.24115593597033372,0.0)
(0.4130372876970679,0.03634260216722664)
(0.5218965607087406,0.0)
(0.9936702979664288,0.0)
(0.8247789358306226,0.07136322350509812)
(0.23993217033654998,0.07016294717782946)
(0.3422929971184808,0.0)
(0.6845494710501525,0.05636393882438279)
(0.1,0.08096951986262232)
(0.18092065528332008,0.11087398207596143)
(0.25328291603262076,0.011514086899211441)
(0.499589928072878,0.0)
(0.2721397389536131,0.03172032647164885)
(0.13740443389319065,0.04430038648112289)
(0.20433591141297436,0.1619044496995684)
(0.35760861958800105,0.0)
(0.3338565851600802,0.0)
(0.6727587442470644,0.0)
(0.11178168678359854,0.010388823416147953)
(0.2920285713348239,0.07044168458292854)
(0.47560861822194567,0.09483742848549274)
(0.1,0.07163601915068585)
(0.35102639142574815,0.01915654227997156)
(0.9479234763231126,0.0)
(0.14195944078194517,0.0)
(0.10845749031202001,0.0)
(0.8229923673586877,0.0)
(0.21491961200794352,0.0)
(0.5992625187662654,0.1123594395560925)
(0.9862679934592196,0.18078784496696784)
(0.5429494351975009,0.0)
(0.9363019613639205,0.0)
(0.8663438616640765,0.07518082773388862)
(0.20917485586807397,0.0)
(0.8983661592733828,0.0)
(0.1,0.12005544338804033)
(0.5595003112118427,0.022259356397547257)
(0.9914007871567488,0.1684791976498623)
(0.8939413838533096,0.0)
(0.7240418807891063,0.0)
(0.8344549233799383,0.07639817074478304)
(0.39293753059130243,0.0)
(0.4403445809899613,0.0)
(0.8441555336134954,0.0)
(0.1960530533711214,0.0)
(0.610351392941517,6.092439811773044E-4)
(0.1,0.0872837371374305)
(0.49819552148741253,0.0)
(0.6564534839361565,0.0)
(0.32946358409425414,0.0)
(0.7631074053670044,0.0)
(0.9378160328074309,0.0)
(0.5388952580301593,0.0)
(0.8737494268303062,0.0)
(0.7444106117359554,0.0)
(0.21008049134458645,0.0)
(0.3993070337193969,0.016346511406480812)
(0.9773775969763875,0.00704742374123214)
(0.1512165853274947,0.0)
(0.6936917184534894,0.0)
(0.2648015919439167,0.0)
(0.4702130817042517,0.07416576216568109)
(0.7250206206723414,0.0)
(0.8358764488116027,0.0)
(0.5480219127303299,0.0)
(0.53953835964599,0.010124389149031231)
(0.18237994699600873,0.008568667886626897)
(0.27634866849328243,0.02370941975071228)
(0.7561123737009986,0.08451874657876723)
(0.35825384022994283,0.04644347704330713)
(0.1,0.14022763658470386)
(0.9097689320990001,0.09202569406069072)
(0.2512970983997258,0.0)
(0.9158037142677617,0.0)
(0.5159516335518891,0.0)
(0.1231216675189219,0.015753091595170916)
(0.5077408311956944,0.0)
(0.8702256367204126,0.0)
(0.24798512922634966,0.02296364375790984)
(0.8789371878126591,0.0)
(0.12320551577750115,0.0)
(0.21773493936612281,0.07132104982065715)
(0.7815291142648398,0.0)
(0.9958348423106943,0.0)
(0.5747327077911624,0.06094516946739481)
(0.9973213829289362,0.05694129035586764)
(0.3152316129222398,0.04762766309834035)
(0.5652416576137939,0.016390705062570402)
(0.4047340490468276,0.06019388239636542)
(0.13440968487429622,0.0)
(0.35960483447166713,0.0)
(0.4003030106617316,0.07459681183132714)
(0.18967414508201103,0.13816013243807013)
(0.3068596987659262,0.0)
(0.2615625091095859,0.0)
(0.153116078401627,0.05070969654061428)
(0.25593906240869707,0.0808372811969183)
(0.7862429851442398,0.08414506987218609)
(0.16936855219658464,0.0)
(0.1401740989473849,0.0)
(0.5511470049863388,0.04942127873917185)
(0.9070758067504991,0.0)
(0.9197357603160817,0.0)
(0.6761109354036374,0.12570601290745695)
(0.12116970964526991,0.06570446251543798)
(0.662349379747757,0.0)
(0.6606824773127271,0.0)
(0.18421455079196639,0.0)
(0.28380256226033884,0.13492713845762208)
(0.6087887486249784,0.0)
(0.8057605717259783,0.0)
(0.12453642087099213,0.09611376440666003)
(0.6237561384498927,0.0)
(0.7062752205768734,0.0)
(0.6556511565934826,0.0)
(0.42175234961144314,0.061889822697251566)
(0.8041674512418098,0.1889361538513736)
(0.6141214247334261,0.0)
(0.4116505374386562,0.059515485983844735)
(0.8958069349345273,0.0)
(0.9617579791346773,0.06749511477107817)
(0.4292709398734565,0.017667987305623016)
(0.30396485127087963,0.049927195838699846)
(0.10830686565614334,0.003294851255113539)
(0.6605702292379065,0.07186422195736644)
(0.9951052463842189,0.0)
(0.8591368719869386,0.005497584809587709)
(0.71367816406812,0.0)
(0.7881971130223651,0.07684820331010381)
(0.9037876351029125,0.0)
(0.31807086546614305,0.0)
(0.259868636144649,0.042865332436142815)
(0.2882510778324871,0.0)
(0.18419306035309507,0.204804735333265)
(0.8908459491570898,0.0)
(0.9172241276275345,0.1724797455449717)
(0.45498472594821776,0.04012330266531351)
(0.1893104611767635,0.0)
(0.11395748805442718,0.0)
(0.4826132017462703,0.0)
(0.28693977365252915,0.0)
(0.5888586354733429,0.11360352134373022)
(0.8851400136796569,0.024528476384840094)
(0.27594601564105065,0.16515071798529724)
(0.40894667128806156,0.0)
(0.5044819299813317,0.08038237362275474)
(0.37241929496028997,0.12388255396451955)
(0.9536839082731522,0.0)
(0.3917853536630439,0.0449700017950941)
(0.12469517427373869,0.19488384241034498)
(0.4489538294791271,0.0)
(0.41523987675761104,0.1993193193936359)
(0.5536473059643928,0.10520232374438872)
(0.5569108883472432,0.0)
(0.8243121170577364,0.0)
(0.5870343845167969,0.045314716928501614)
(0.6924868234174482,0.0)
(0.4503646524072138,0.027402298162494704)
(0.23268854279658255,0.0)
(0.43154518989050256,0.0)
(0.1,0.13343595561871888)
(0.8025549521940442,0.0)
(0.27170709226959866,0.0)
(0.8644068485920229,0.0)
(0.8994895089339554,0.07777662852777939)
(0.6207843281377987,0.0)
(0.7849590262889192,0.0)
(0.3192370005182521,0.023952891433382778)
(0.7051170525118559,0.044589302938379496)
(0.8615228900925758,0.15365802927441163)
(0.13059961907763326,0.0)
(0.29340139506118346,0.06099056598999733)
(0.2548244413337507,0.0929795764374427)
(0.9649250487128034,0.0)
(0.27448396256673013,0.0)
(0.15417218430465132,0.16512121283536155)
(0.7117224273128677,0.0)
(0.22910657478951843,0.017298309785305256)
(0.6588754388884405,0.15957617434625163)
(0.21430665300321325,0.0)
(0.2964214209732663,0.0)
(0.2044371959364057,0.026322941824089275)
(0.9746337849929576,0.03355679426913898)
(0.6362732879673123,0.0)
(0.590298166635957,0.0)
(0.4255065628885188,0.11803474138352232)
(0.21915064223428204,0.0)
(0.6670746361791106,0.14039576860886602)
(0.8471229612408785,0.0)
(0.2979905697004367,0.07970289824166511)
(0.4941284804507932,0.08971832920376593)
(0.892753372660442,0.0)
(0.44513010271262177,0.006256604402590746)
(0.2996519750415764,0.2554384931231227)
(0.1,0.1488509016325007)
(0.46683730862772277,0.02000956482991173)
(0.6481036235448857,0.17232126966365596)
(0.10576383563671464,0.06762882077927075)
(0.24227649658369366,0.0)
(0.8110670623694866,0.1097100828751455)
(0.22128615861776357,0.0)
(0.2777532143422659,0.0)
(0.9677342705171819,0.0)
(0.9431454629284541,0.08172838822892267)
(0.7869504290358964,0.008045147218892068)
(0.8397206612020511,0.0)
(0.5174943090777422,0.017075350686721336)
(0.1159170263482904,0.0)
(0.2909575339751057,0.0765553342869765)
(0.21707545418332747,0.11157124791908793)
(0.5735927036019214,0.11377278989703517)
(0.5920539412104423,0.06509741065598634)
(0.8850467899869324,0.0)
(0.13138809376428806,0.0)
(0.2131462205212783,0.06575414244904167)
(0.5285515487268582,0.0)
(0.9797006117814527,0.0)
(0.1,0.12796480581502798)
(0.5027409430472329,0.02544698592021028)
(0.23584546064094825,0.03490231542768979)
(0.8343048913450595,0.02989167835698563)
(0.9724927805521694,0.0)
(0.6497281174251626,0.022070514574107955)
(0.1925712197767793,0.0)
(0.815526037008812,0.007867463927546154)
(0.18294542522866147,0.0)
(0.11208281940685222,0.0)
(0.14649360375356463,0.0)
(0.5839502569367198,0.0)
(0.23132187165158963,0.0)
(0.9410853342006885,0.1536947016794892)
(0.5238692006391961,0.0)
(0.8415171408855652,0.009357675220276638)
(0.22766644150350585,0.0)
(0.28283695534139736,0.0)
(0.815673706044528,0.07068205387958564)
(0.9020779884485315,0.0)
(0.5494166275936145,0.0655614348549451)
(0.16271338066548496,0.0)
(0.9513513319026035,0.0)
(0.5856561524564523,0.020021709326694316)
(0.6750146088596293,0.0)
(0.9601385685442074,0.018601683532578135)
(0.9739963298901663,0.0)
(0.313915861386293,0.0)
(0.7673881884987608,0.0)
(0.39788789874448166,0.0)
(0.9187021663985847,0.0)
(0.6160977457858545,0.22385786792333884)
(0.32076176407553536,0.0)
(0.4650902969244516,0.0)
(0.9203625362110515,0.13682005611098416)
(0.26085406104522046,0.0)
(0.30506860330395563,0.0)
(0.7098664057235828,0.0)
(0.14206159399069318,0.0)
(0.706996022216645,0.0)
(0.13292118211423223,0.0)
(0.4781949686389394,0.0)
(0.7165974653351066,0.04015741388371939)
(0.2338454114997673,0.0)
(0.7397206775436845,0.04608366343586035)
(0.8803339947153235,0.054712025385312946)
(0.4800517174654262,0.06546631537024448)
(0.9490190428622147,0.0)
(0.14583338014681085,0.2739056758217677)
(0.8312935377816625,0.0)
(0.19172010594856062,0.14343447635126136)
(0.12396143344427873,0.0)
(0.1735394166447196,0.0)
(0.4565085076053774,0.0)
(0.1853061090420418,0.0)
(0.6534529633241691,0.11416242071916707)
(0.19981525719761267,0.0)
(0.7793354586630203,0.0)
(0.21237013862009577,0.0011852887823914618)
(0.783376417022929,0.021956907643902526)
(0.23454283521290742,0.0)
(0.9632793422526987,0.0)
(0.4600916556944186,0.0)
(0.821301247522608,0.0)
(0.8550475038641391,0.06101464667943582)
(0.20053830273794326,0.0)
(0.46202616007444947,0.022288058031179336)
(0.11199987826663359,0.052419262219456454)
(0.19610139835744664,0.12455097148521839)
(0.9783888256444471,0.0)
(0.6193574806553336,0.0)
(0.6179780308873901,0.0)
(0.8192763250032448,0.0)
(0.19095853928383844,0.0)
(0.10839149305376372,0.019435706293506588)
(0.8426121729375677,0.0)
(0.11490459599743472,0.0)
(0.27960543598458176,0.013110592397544607)
(0.2104805721388277,0.04537742728730996)
(0.36265881634289077,0.0)
(0.9442776715694493,0.07990035405057123)
(0.18807408990769736,0.07251850774517425)
(0.18183848342194595,0.0)
(0.203213500738022,0.06080667893219206)
(0.13072642325760075,0.169208414182619)
(0.3003813732937118,0.0)
(0.970729807283209,0.02528211593501485)
(0.7548444106915247,0.0)
(0.15226172403634702,0.018196375399645148)
(0.8175825592652376,0.0)
(0.8577184298788946,0.0)
(0.20586674802828067,0.180951573232551)
(0.1760697548006958,0.0)
(0.3303020763302335,0.14801232235935832)
(0.2074566430013175,0.11570468621602514)
(0.7413156614711917,0.0)
(0.40765656955513835,0.0)
(0.13248054084625432,0.063220846996766)
(0.15469512542260994,0.0)
(0.12591710214357987,0.0)
(0.3025294997976871,0.0)
(0.9556965943761926,0.0)
(0.4839279418876823,0.14267190131137578)
(0.25243080613617436,0.2137549506097267)
(0.9292467789249927,0.021120321676347587)
(0.634408251183814,0.0)
(0.6799237889835514,0.0)
(0.7537574835729843,0.0)
(1.0,0.10839527576743757)
(0.18873985198998433,0.009287924934085728)
(0.2506176055051354,0.0)
(0.968553625677239,0.0)
(0.16784900467379893,0.0)
(0.13188658235790995,0.19097674411203525)
(0.5977582706597075,0.10220335929702358)
(0.13378422846168644,0.11491198773157985)
(0.1631521046046124,0.06119312727924623)
(0.5046874487653521,0.020197387308187195)
(0.2703295924177346,0.0)
(0.904132014735129,0.006444638794413023)
(0.5526630256640986,0.08499024389308864)
(0.6996967095898846,0.0888121212070964)
(0.7032465849380478,0.01644295643019347)
(0.1411694117147733,0.0)
(0.7084908666172591,0.0)
(0.9662364566842594,0.0)
(0.8126323120386236,0.14348550954534728)
(0.17101922214909707,0.0)
(0.2265024132786489,0.0)
(0.6974191982477099,0.0)
(0.3324572355452338,0.0)
(0.7477635309952555,0.0)
(0.1801785644920249,0.0)
(0.9333590266844156,0.022688509172510914)
(0.2690866183094587,0.0)
(0.3644595301745536,0.0570328446277748)
(0.15891363137251507,0.0)
(0.6780997360525165,0.0)
(0.5608063607365358,0.14044049014529353)
(0.10566317929428548,0.01976063451751214)
(0.7765578901637884,0.0)
(0.12694281970843901,0.0)
(0.21598179071922868,0.09374484543868968)
(0.9081295214908338,0.18549087908709963)
(0.4571319768656622,0.019319808603680235)
(0.7665027083628545,0.08686051333406082)
(0.5071860367276398,0.115254737798339)
(0.9974989260825342,0.0)
(0.1255945292193568,0.15366296062283524)
(0.8567142519496073,0.0)
(0.1560009075255463,0.0)
(0.9581533632776387,0.045867603172580484)
(0.14389450614901153,0.0)
(0.5634346090392046,0.0)
(0.16001925374036569,0.022182164959465428)
(0.6083797089919512,0.0)
(0.5696319336106029,0.06327439881781968)
(0.9314609800340878,0.09490631544203638)
(0.16114686522258512,0.20482659460198654)
(0.1362400566884342,0.0)
(0.4591462813750802,0.11196157965124612)
(0.2671303331096874,0.04381336458925676)
(0.22940492049144845,0.0)
(0.2120939740357048,0.0238661313674246)
(0.24865908639902662,0.14120480365508684)
(0.17012463691352087,0.26180172467236584)
(0.6050263885472541,0.0)
(0.7778428364716137,0.1601917549629177)
(0.112826631344312,0.0)
(0.4866424852426403,0.03831381487346569)
(0.20542100684699094,0.0)
(0.13926573463150774,0.03712087423297384)
(0.720553311948968,0.12450006322050684)
(0.16161833544120124,0.0)
(0.24279870124916753,0.0)
(0.1617624373950258,0.08701031531932638)
(0.5671804157699584,0.09840512593531324)
(0.4849750749687079,0.0)
(0.8136269073623291,0.029754801351055543)
(0.881943027243067,0.02708641757722262)
(0.8632466071769495,0.0)
(0.8500619726322173,0.02398552228759505)
(0.17670518519147682,0.0)
(0.9356782780719403,0.0)
(0.10882721378434213,0.0)
(0.14274573076897148,0.01960439440391698)
(0.9064058713529213,0.0)
(0.14473022243014014,0.0)
(0.2023260290278922,0.3093556605107841)
(0.19521457633166306,0.13632928506480832)
(0.15994910503136361,0.15292101515821305)
(0.6024346189734003,0.0)
(0.73165212720403,0.18021411332463297)
(0.8324208466798121,0.07389365231474608)
(0.15716968324858588,0.019062619883550437)
(0.12658943137198259,0.03230689179019835)
(0.18671128783703,0.04685678325407133)
(0.1746009268354565,0.16152327016482124)
(0.19361871549491688,0.0)
(0.17292928555129344,0.14627357782015218)
(0.12123351738388466,0.0)
(0.14887397352487594,0.022348208553371465)
(0.7436433121061189,0.0)
(0.12281883944171526,0.05897824863384883)
(0.8832280359171449,0.0696903457385793)
(0.1588910108576286,0.0)
(0.6056876521595429,0.0)
(0.22402247014472634,0.0)
(0.11438703299809981,0.09162186000852655)
(0.7186271665857984,0.03633859881478352)
(0.13761739115338922,0.0)
(0.15042691124309693,0.19247687770489388)
(0.13539800495160795,0.12882157236953035)
(0.2218104341260864,0.05323922520632182)
(0.10404239123182199,0.0)
(0.10738699199601238,0.03893383231498454)
(0.9219314873068541,0.10579437658683782)
(0.7452019820335126,0.1385972843247686)
(0.7638842986771865,0.12338180825114348)
(0.9824214149338656,0.045418954975059794)
(0.24511567153586974,0.0)
(0.7228984673926575,0.0)
(0.7977054809544043,0.0)
(0.127027991633896,0.15473684587093506)
(0.8010922778900009,0.0)
(0.72875694807527,0.02835030294659779)
(0.7717440000991117,0.07542328617522101)
(0.1480225144436712,0.007064528586243567)
(0.1,0.1894307554237466)
(0.9867077191289777,0.12987674529971255)
(0.6882015198268079,0.023067032462936714)
(0.1296480470740148,0.0)
(0.178482110473609,0.07730377375516619)
(0.1,0.23503440562247735)
(0.9848755460143669,0.0026328994355652524)
(0.12348002299817142,0.041160635402418475)
(0.8897149065055608,0.0)
(0.8529540111161971,0.10829816706507)
(0.11983930189746335,0.051950680885265166)
(0.16732928213519663,0.011072885937705168)
(0.6918818221148982,0.13620818679256763)
(0.7693381659750999,0.0)
(0.886837504654818,0.05076506637075208)
(0.19808066541057318,0.10758377879571757)
(0.9901563135104233,0.011334377792592137)
(0.1,0.1881273525358522)
(0.11307437604926995,0.10990565191037148)
(0.9278325502477587,0.08580048810539978)
(0.11087591046309381,0.02788210960022952)
(0.12855997283311993,0.0)
(0.16439348013164845,0.006702246019648768)
(0.10304856598224868,0.0)
(0.10050094728885217,0.0)
(0.9237200024171105,0.0)
(0.1,0.1584429305411581)
(0.11702862908901043,0.0)
(0.1,0.21239655023214044)
(0.1,0.2376528395994736)
(1.0,0.0)
(1.0,0.0636901100575239)
(0.1,0.0)
(0.1,0.28409088981894937)
